%time,field.header.seq,field.header.stamp,field.header.frame_id,field.sentence
1681481223984534997,14236,1681481218508414030,gps,$GPAGM,2257,482837.430,184.71,0.23,0.80,-0.01,0.17,-0.02,-0.0148,0.0054,-1.0013,23.1690645,113.3363841,32.35,-0.000,0.000,0.000,0.711,34,34,42,1,0,*64
1681481224008699093,14237,1681481218533170938,gps,$GPAGM,2257,482837.440,184.71,0.23,0.80,-0.00,-0.24,-0.04,-0.0159,-0.0033,-0.9991,23.1690645,113.3363841,32.35,0.001,0.000,0.000,0.711,34,34,42,1,0,*42
1681481224009301466,14238,1681481218533773899,gps,$GPAGM,2257,482837.450,184.71,0.23,0.80,0.05,0.21,0.01,-0.0160,0.0059,-1.0023,23.1690645,113.3363841,32.35,-0.000,0.000,0.000,0.711,34,34,42,1,0,*64
1681481224009888183,14239,1681481218534390926,gps,$GPAGM,2257,482837.460,184.71,0.23,0.80,-0.05,-0.12,0.01,-0.0149,-0.0028,-0.9989,23.1690645,113.3363841,32.35,0.001,0.000,0.000,0.711,34,34,42,1,0,*6A
1681481224010759489,14240,1681481218535312891,gps,$GPAGM,2257,482837.470,184.71,0.23,0.80,0.04,0.00,-0.00,-0.0168,0.0025,-1.0020,23.1690645,113.3363841,32.35,0.000,0.000,0.000,0.711,34,34,42,1,0,*65
1681481224041086944,14241,1681481218565673112,gps,$GPAGM,2257,482837.480,184.71,0.23,0.80,0.03,0.09,0.00,-0.0143,0.0032,-0.9979,23.1690645,113.3363841,32.35,0.000,0.000,0.000,0.711,34,34,42,1,0,*4B
1681481224041809062,14242,1681481218566509008,gps,$GPAGM,2257,482837.490,184.71,0.23,0.80,-0.00,-0.18,0.01,-0.0171,-0.0018,-1.0023,23.1690645,113.3363841,32.35,0.001,0.000,0.000,0.711,34,34,42,1,0,*63
1681481224042587332,14243,1681481218567248106,gps,$GPAGM,2257,482837.500,184.71,0.23,0.80,0.05,0.22,-0.00,-0.0172,0.0054,-1.0028,23.1690645,113.3363841,32.35,-0.000,0.000,0.000,0.711,34,34,42,1,0,*4A
1681481224074248898,14244,1681481218598366022,gps,$GPAGM,2257,482837.510,184.71,0.23,0.80,-0.06,-0.18,0.02,-0.0149,-0.0036,-0.9984,23.1690645,113.3363841,32.35,0.001,0.000,0.000,0.711,34,34,42,1,0,*64
1681481224077541103,14245,1681481218601856946,gps,$GPAGM,2257,482837.520,184.71,0.23,0.80,0.06,0.01,0.03,-0.0173,0.0032,-1.0040,23.1690645,113.3363841,32.35,0.000,0.000,0.000,0.711,34,34,42,1,0,*46
1681481224080931129,14246,1681481218605377912,gps,$GPAGM,2257,482837.530,184.71,0.23,0.80,-0.00,0.06,-0.00,-0.0141,0.0010,-0.9994,23.1690645,113.3363841,32.35,0.000,0.000,0.000,0.711,34,34,42,1,0,*4C
1681481224104198024,14247,1681481218628774881,gps,$GPAGM,2257,482837.540,184.71,0.23,0.80,-0.00,-0.22,-0.00,-0.0176,-0.0008,-1.0011,23.1690645,113.3363841,32.35,0.001,0.000,0.000,0.711,34,34,42,1,0,*4D
1681481224105129758,14248,1681481218629575014,gps,$GPAGM,2257,482837.550,184.70,0.23,0.80,0.00,0.28,-0.01,-0.0155,0.0044,-1.0020,23.1690645,113.3363841,32.35,-0.000,0.000,0.000,0.711,34,34,42,1,0,*4C
1681481224105865180,14249,1681481218630458116,gps,$GPAGM,2257,482837.560,184.70,0.23,0.80,-0.03,-0.18,0.01,-0.0149,-0.0048,-0.9971,23.1690645,113.3363841,32.35,0.001,0.000,0.000,0.711,34,34,42,1,0,*67
1681481224140274713,14250,1681481218664968967,gps,$GPAGM,2257,482837.570,184.70,0.23,0.80,0.05,0.10,0.03,-0.0165,0.0027,-1.0030,23.1690645,113.3363841,32.35,0.000,0.000,0.000,0.711,34,34,42,1,0,*45
1681481224140937443,14251,1681481218665668964,gps,$GPAGM,2257,482837.580,184.70,0.23,0.80,-0.01,0.02,0.00,-0.0149,-0.0006,-0.9986,23.1690645,113.3363841,32.35,0.000,0.000,0.000,0.711,34,34,42,1,0,*4F
1681481224141578373,14252,1681481218666331052,gps,$GPAGM,2257,482837.590,184.70,0.23,0.80,0.02,-0.06,0.02,-0.0166,-0.0006,-1.0018,23.1690645,113.3363841,32.35,0.000,0.000,0.000,0.711,34,34,42,1,0,*40
1681481224142236702,14253,1681481218666987895,gps,$GPAGM,2257,482837.600,184.70,0.23,0.80,0.03,0.20,0.02,-0.0148,0.0047,-1.0008,23.1690645,113.3363841,32.35,-0.000,0.000,0.000,0.711,34,34,42,1,0,*6A
1681481224171932438,14254,1681481218696454048,gps,$GPAGM,2257,482837.610,184.70,0.23,0.80,-0.05,-0.22,-0.02,-0.0144,-0.0041,-0.9986,23.1690645,113.3363841,32.35,0.001,0.000,0.000,0.711,34,34,42,2,0,*4D
1681481224173078715,14255,1681481218697685956,gps,$GPAGM,2257,482837.620,184.70,0.23,0.80,0.08,0.13,-0.00,-0.0160,0.0049,-1.0035,23.1690645,113.3363841,32.35,-0.000,0.000,0.000,0.711,34,34,42,2,0,*45
1681481224174240962,14256,1681481218698822021,gps,$GPAGM,2257,482837.630,184.70,0.23,0.80,-0.09,-0.07,0.02,-0.0144,-0.0021,-0.9964,23.1690645,113.3363841,32.35,0.000,0.000,0.000,0.711,34,34,42,2,0,*62
1681481224203214190,14257,1681481218727792024,gps,$GPAGM,2257,482837.640,184.70,0.23,0.80,0.03,-0.02,-0.00,-0.0171,0.0013,-1.0006,23.1690645,113.3363841,32.35,0.000,0.000,0.000,0.711,34,34,42,2,0,*47
1681481224203896216,14258,1681481218728377103,gps,$GPAGM,2257,482837.650,184.70,0.23,0.80,0.00,0.14,0.01,-0.0133,0.0024,-0.9998,23.1690645,113.3363841,32.35,-0.000,0.000,0.000,0.711,34,34,42,2,0,*6A
1681481224204328133,14259,1681481218728935003,gps,$GPAGM,2257,482837.660,184.70,0.23,0.80,-0.01,-0.25,-0.00,-0.0159,-0.0028,-1.0013,23.1690645,113.3363841,32.35,0.001,0.000,0.000,0.711,34,34,42,2,0,*45
1681481224238698349,14260,1681481218763309955,gps,$GPAGM,2257,482837.670,184.70,0.23,0.80,0.02,0.23,0.03,-0.0170,0.0057,-1.0040,23.1690645,113.3363841,32.35,-0.000,0.000,0.000,0.711,34,34,42,2,0,*6B
1681481224239343063,14261,1681481218764003038,gps,$GPAGM,2257,482837.680,184.70,0.23,0.80,-0.08,-0.15,-0.00,-0.0142,-0.0033,-0.9962,23.1690645,113.3363841,32.35,0.001,0.000,0.000,0.711,34,34,42,2,0,*46
1681481224239949380,14262,1681481218764635086,gps,$GPAGM,2257,482837.690,184.70,0.23,0.80,0.06,0.06,0.00,-0.0170,0.0025,-1.0040,23.1690645,113.3363841,32.35,0.000,0.000,0.000,0.711,34,34,42,2,0,*4D
1681481224240617012,14263,1681481218765290975,gps,$GPAGM,2257,482837.700,184.70,0.23,0.80,-0.01,0.07,0.00,-0.0129,0.0002,-0.9998,23.1690645,113.3363841,32.35,0.000,0.000,0.000,0.711,34,34,42,2,0,*63
1681481224272668854,14264,1681481218797051906,gps,$GPAGM,2257,482837.710,184.70,0.23,0.80,-0.01,-0.10,0.01,-0.0173,-0.0013,-1.0013,23.1690645,113.3363841,32.35,0.001,0.000,0.000,0.711,34,34,42,2,0,*69
1681481224275542029,14265,1681481218800030946,gps,$GPAGM,2257,482837.720,184.70,0.23,0.80,0.00,0.20,0.00,-0.0158,0.0057,-1.0013,23.1690645,113.3363841,32.35,-0.000,0.000,0.000,0.711,34,34,42,2,0,*61
1681481224278560463,14266,1681481218802967071,gps,$GPAGM,2257,482837.730,184.70,0.23,0.80,-0.07,-0.20,-0.01,-0.0154,-0.0045,-0.9979,23.1690645,113.3363841,32.35,0.001,0.000,0.000,0.711,34,34,42,2,0,*48
1681481224304467517,14267,1681481218828624010,gps,$GPAGM,2257,482837.740,184.70,0.23,0.80,0.06,0.10,-0.00,-0.0175,0.0049,-1.0033,23.1690645,113.3363841,32.35,0.000,0.000,0.000,0.711,34,34,42,2,0,*60
1681481224305288424,14268,1681481218829782962,gps,$GPAGM,2257,482837.750,184.70,0.23,0.80,-0.02,-0.05,0.00,-0.0146,-0.0016,-0.9996,23.1690645,113.3363841,32.35,0.000,0.000,0.000,0.711,34,34,42,2,0,*65
1681481224305843379,14269,1681481218830492973,gps,$GPAGM,2257,482837.760,184.70,0.23,0.80,0.01,-0.05,0.00,-0.0178,0.0008,-1.0028,23.1690645,113.3363841,32.35,0.000,0.000,0.000,0.711,34,34,42,2,0,*63
1681481224334906088,14270,1681481218859324932,gps,$GPAGM,2257,482837.770,184.70,0.23,0.80,-0.01,0.21,0.01,-0.0143,0.0037,-1.0006,23.1690645,113.3363841,32.35,-0.000,0.000,0.000,0.711,34,34,42,2,0,*40
1681481224337884666,14271,1681481218862278938,gps,$GPAGM,2257,482837.780,184.70,0.23,0.80,-0.04,-0.21,0.00,-0.0166,-0.0030,-1.0001,23.1690645,113.3363841,32.35,0.001,0.000,0.000,0.711,34,34,42,2,0,*60
1681481224340740053,14272,1681481218865178108,gps,$GPAGM,2257,482837.790,184.70,0.23,0.80,0.04,0.19,-0.00,-0.0160,0.0052,-1.0020,23.1690645,113.3363841,32.35,-0.000,0.000,0.000,0.711,34,34,42,2,0,*47
1681481224369888094,14273,1681481218894270896,gps,$GPAGM,2257,482837.800,184.70,0.23,0.80,-0.07,-0.13,-0.00,-0.0144,-0.0026,-0.9984,23.1690645,113.3363841,32.35,0.001,0.000,0.000,0.711,34,34,42,2,0,*43
1681481224373230367,14274,1681481218897665977,gps,$GPAGM,2257,482837.810,184.70,0.23,0.80,-0.00,0.06,-0.01,-0.0170,0.0018,-1.0030,23.1690645,113.3363841,32.35,0.000,0.000,0.000,0.711,34,34,42,2,0,*45
1681481224376449972,14275,1681481218900926113,gps,$GPAGM,2257,482837.820,184.70,0.23,0.80,0.05,0.13,0.02,-0.0136,0.0017,-0.9996,23.1690645,113.3363841,32.35,0.000,0.000,0.000,0.711,34,34,42,2,0,*44
1681481224379826368,14276,1681481218904176950,gps,$GPAGM,2257,482837.830,184.70,0.23,0.80,-0.00,-0.22,-0.00,-0.0164,-0.0018,-1.0018,23.1690645,113.3363841,32.35,0.001,0.000,0.000,0.711,34,34,42,2,0,*4E
1681481224403916356,14277,1681481218928142070,gps,$GPAGM,2257,482837.840,184.70,0.23,0.80,0.04,0.20,-0.00,-0.0162,0.0057,-1.0020,23.1690645,113.3363841,32.35,-0.000,0.000,0.000,0.711,34,34,42,2,0,*48
1681481224405046632,14278,1681481218929639101,gps,$GPAGM,2257,482837.850,184.70,0.23,0.80,-0.03,-0.17,-0.01,-0.0152,-0.0038,-0.9967,23.1690645,113.3363841,32.35,0.001,0.000,0.000,0.711,34,34,42,2,0,*42
1681481224405497554,14279,1681481218930212020,gps,$GPAGM,2257,482837.860,184.70,0.23,0.80,0.06,0.11,0.00,-0.0160,0.0039,-1.0042,23.1690645,113.3363841,32.35,0.000,0.000,0.000,0.711,34,34,42,2,0,*44
1681481224434312608,14280,1681481218958889007,gps,$GPAGM,2257,482837.870,184.70,0.23,0.80,0.04,0.01,0.04,-0.0141,0.0017,-0.9976,23.1690645,113.3363841,32.35,0.000,0.000,0.000,0.711,34,34,42,2,0,*4B
1681481224437199667,14281,1681481218961767911,gps,$GPAGM,2257,482837.880,184.70,0.23,0.80,0.00,-0.09,0.00,-0.0168,0.0003,-0.9993,23.1690645,113.3363841,32.35,0.000,0.000,0.000,0.711,34,34,42,2,0,*64
1681481224440370948,14282,1681481218964679956,gps,$GPAGM,2257,482837.890,184.70,0.23,0.80,0.04,0.18,0.00,-0.0165,0.0044,-1.0023,23.1690645,113.3363841,32.35,-0.000,0.000,0.000,0.711,34,34,42,2,0,*65
1681481224469344705,14283,1681481218993835926,gps,$GPAGM,2257,482837.900,184.70,0.23,0.80,-0.01,-0.21,0.00,-0.0149,-0.0028,-0.9957,23.1690645,113.3363841,32.35,0.001,0.000,0.000,0.711,34,34,42,2,0,*65
1681481224472724887,14284,1681481218997152090,gps,$GPAGM,2257,482837.910,184.70,0.23,0.80,0.03,0.11,0.01,-0.0170,0.0037,-1.0035,23.1690645,113.3363841,32.35,0.000,0.000,0.000,0.711,34,34,42,2,0,*49
1681481224475819697,14285,1681481219000334978,gps,$GPAGM,2257,482837.920,184.70,0.23,0.80,-0.02,-0.07,0.00,-0.0146,-0.0009,-0.9994,23.1690645,113.3363841,32.35,0.000,0.000,0.000,0.711,34,34,42,2,0,*62
1681481224479335674,14286,1681481219003700017,gps,$GPAGM,2257,482837.930,184.70,0.23,0.80,0.04,-0.05,0.00,-0.0180,0.0005,-1.0003,23.1690645,113.3363841,32.35,0.000,0.000,0.000,0.711,34,34,42,2,0,*6E
1681481224500691507,14287,1681481219025372028,gps,$GPAGM,2257,482837.940,184.70,0.23,0.80,0.04,0.16,-0.00,-0.0146,0.0037,-1.0013,23.1690645,113.3363841,32.35,-0.000,0.000,0.000,0.711,34,34,42,2,0,*4C
1681481224501292008,14288,1681481219025969982,gps,$GPAGM,2257,482837.950,184.70,0.23,0.80,0.00,-0.24,-0.02,-0.0159,-0.0040,-0.9986,23.1690645,113.3363841,32.35,0.001,0.000,0.000,0.711,34,34,42,2,0,*65
1681481224501859382,14289,1681481219026542901,gps,$GPAGM,2257,482837.960,184.70,0.23,0.80,0.05,0.23,0.00,-0.0158,0.0049,-1.0020,23.1690645,113.3363841,32.35,-0.000,0.000,0.000,0.711,34,34,42,2,0,*62
1681481224534078946,14290,1681481219058347940,gps,$GPAGM,2257,482837.970,184.70,0.23,0.80,-0.02,-0.12,-0.03,-0.0159,-0.0038,-0.9991,23.1690645,113.3363841,32.35,0.000,0.000,0.000,0.711,34,34,42,2,0,*44
1681481224536890866,14291,1681481219061412096,gps,$GPAGM,2257,482837.980,184.70,0.23,0.80,0.05,0.04,-0.01,-0.0168,0.0025,-1.0013,23.1690645,113.3363841,32.35,0.000,0.000,0.000,0.711,34,34,42,2,0,*61
1681481224540361903,14292,1681481219064776897,gps,$GPAGM,2257,482837.990,184.70,0.23,0.80,0.02,0.05,0.00,-0.0141,0.0002,-0.9984,23.1690645,113.3363841,32.35,0.000,0.000,0.000,0.711,34,34,42,2,0,*4B
1681481224565412504,14293,1681481219089833021,gps,$GPAGM,2257,482838.000,184.70,0.23,0.80,-0.00,-0.16,0.00,-0.0176,-0.0025,-1.0025,23.1690645,113.3363841,32.35,0.001,0.000,0.000,0.711,34,34,42,2,0,*63
1681481224568674732,14294,1681481219093163013,gps,$GPAGM,2257,482838.010,184.70,0.23,0.80,0.05,0.32,0.02,-0.0165,0.0047,-1.0006,23.1690645,113.3363841,32.35,-0.000,0.000,0.000,0.711,34,34,42,2,0,*65
1681481224572357338,14295,1681481219096714973,gps,$GPAGM,2257,482838.020,184.70,0.23,0.80,-0.08,-0.24,0.00,-0.0154,-0.0048,-0.9996,23.1690645,113.3363841,32.35,0.001,0.000,0.000,0.710,34,34,42,1,0,*68
1681481224599568116,14296,1681481219124069929,gps,$GPAGM,2257,482838.030,184.70,0.23,0.80,0.04,0.13,0.02,-0.0183,0.0028,-1.0025,23.1690645,113.3363841,32.35,0.000,0.000,0.000,0.710,34,34,42,1,0,*4A
1681481224600521640,14297,1681481219124969959,gps,$GPAGM,2257,482838.040,184.70,0.23,0.80,-0.00,0.00,0.00,-0.0131,-0.0009,-0.9976,23.1690645,113.3363841,32.35,0.000,0.000,0.000,0.710,34,34,42,1,0,*44
1681481224601036353,14298,1681481219125549077,gps,$GPAGM,2257,482838.050,184.70,0.23,0.80,-0.02,-0.16,0.00,-0.0181,-0.0016,-1.0035,23.1690645,113.3363841,32.35,0.001,0.000,0.000,0.710,34,34,42,1,0,*6F
1681481224601577237,14299,1681481219126121997,gps,$GPAGM,2257,482838.060,184.70,0.23,0.80,-0.00,0.33,0.00,-0.0145,0.0039,-0.9998,23.1690645,113.3363841,32.35,-0.000,0.000,0.000,0.710,34,34,42,1,0,*46
1681481224631381701,14300,1681481219156035900,gps,$GPAGM,2257,482838.070,184.70,0.23,0.80,-0.07,-0.27,-0.00,-0.0147,-0.0036,-0.9964,23.1690645,113.3363841,32.35,0.001,0.000,0.000,0.710,34,34,42,1,0,*4A
1681481224632001335,14301,1681481219156662940,gps,$GPAGM,2257,482838.080,184.70,0.23,0.80,0.08,0.12,-0.00,-0.0160,0.0044,-1.0050,23.1690645,113.3363841,32.35,-0.000,0.000,0.000,0.710,34,34,42,1,0,*4B
1681481224632684555,14302,1681481219157377958,gps,$GPAGM,2257,482838.090,184.70,0.23,0.80,0.03,-0.05,-0.00,-0.0139,-0.0011,-0.9991,23.1690645,113.3363841,32.35,0.000,0.000,0.000,0.710,34,34,42,1,0,*6A
1681481224665361149,14303,1681481219189366102,gps,$GPAGM,2257,482838.100,184.70,0.23,0.80,0.01,-0.05,-0.00,-0.0161,0.0010,-1.0025,23.1690645,113.3363841,32.35,0.000,0.000,0.000,0.710,34,34,42,1,0,*4F
1681481224669168813,14304,1681481219193382024,gps,$GPAGM,2257,482838.110,184.70,0.23,0.80,0.01,0.09,0.00,-0.0141,0.0039,-1.0025,23.1690645,113.3363841,32.35,0.000,0.000,0.000,0.710,34,34,42,1,0,*4B
1681481224672537124,14305,1681481219196844100,gps,$GPAGM,2257,482838.120,184.70,0.23,0.80,0.02,-0.20,0.00,-0.0144,-0.0019,-0.9998,23.1690645,113.3363841,32.35,0.001,0.000,0.000,0.710,34,34,42,1,0,*41
1681481224698937606,14306,1681481219223323106,gps,$GPAGM,2257,482838.130,184.70,0.23,0.80,0.06,0.18,0.02,-0.0165,0.0064,-1.0050,23.1690645,113.3363841,32.35,-0.000,0.000,0.000,0.710,34,34,42,1,0,*6D
1681481224699371751,14307,1681481219224013090,gps,$GPAGM,2257,482838.140,184.70,0.23,0.80,-0.01,-0.06,0.00,-0.0146,-0.0023,-0.9984,23.1690645,113.3363841,32.35,0.000,0.000,0.000,0.710,34,34,42,1,0,*6A
1681481224700123160,14308,1681481219224572896,gps,$GPAGM,2257,482838.150,184.70,0.23,0.80,0.07,0.00,-0.01,-0.0158,0.0030,-1.0020,23.1690645,113.3363841,32.35,0.000,0.000,0.000,0.710,34,34,42,1,0,*68
1681481224700692497,14309,1681481219225172042,gps,$GPAGM,2257,482838.160,184.70,0.23,0.80,0.03,0.08,-0.01,-0.0141,0.0012,-1.0025,23.1690645,113.3363841,32.35,0.000,0.000,0.000,0.710,34,34,42,1,0,*6A
1681481224730699686,14310,1681481219255373954,gps,$GPAGM,2257,482838.170,184.70,0.23,0.80,-0.00,-0.11,0.00,-0.0161,-0.0011,-1.0013,23.1690645,113.3363841,32.35,0.000,0.000,0.000,0.710,34,34,42,1,0,*65
1681481224731348786,14311,1681481219256025075,gps,$GPAGM,2257,482838.180,184.70,0.23,0.80,0.03,0.15,0.00,-0.0165,0.0052,-1.0025,23.1690645,113.3363841,32.35,-0.000,0.000,0.000,0.710,34,34,42,1,0,*6B
1681481224731927148,14312,1681481219256572961,gps,$GPAGM,2257,482838.190,184.70,0.23,0.80,-0.05,-0.22,0.04,-0.0152,-0.0050,-0.9998,23.1690645,113.3363841,32.35,0.001,0.000,0.000,0.710,34,34,42,1,0,*6C
1681481224762810781,14313,1681481219287314891,gps,$GPAGM,2257,482838.200,184.70,0.23,0.80,0.09,0.13,0.01,-0.0158,0.0005,-1.0038,23.1690645,113.3363841,32.35,-0.000,0.000,0.000,0.710,34,34,42,1,0,*6D
1681481224763719041,14314,1681481219288295030,gps,$GPAGM,2257,482838.210,184.70,0.23,0.80,-0.00,-0.05,0.03,-0.0144,0.0000,-0.9989,23.1690645,113.3363841,32.35,0.000,0.000,0.000,0.710,34,34,42,1,0,*4E
1681481224764561142,14315,1681481219289187908,gps,$GPAGM,2257,482838.220,184.70,0.23,0.80,-0.02,-0.05,0.02,-0.0171,-0.0013,-1.0035,23.1690645,113.3363841,32.35,0.000,0.000,0.000,0.710,34,34,42,1,0,*61
1681481224794090458,14316,1681481219318592071,gps,$GPAGM,2257,482838.230,184.70,0.23,0.80,-0.00,0.32,-0.00,-0.0155,0.0056,-0.9986,23.1690645,113.3363841,32.35,-0.000,0.000,0.000,0.710,34,34,42,1,0,*6A
1681481224794758667,14317,1681481219319235086,gps,$GPAGM,2257,482838.240,184.70,0.23,0.80,-0.06,-0.21,-0.00,-0.0154,-0.0036,-0.9937,23.1690645,113.3363841,32.35,0.001,0.000,0.000,0.710,34,34,42,1,0,*48
1681481224795288043,14318,1681481219319863080,gps,$GPAGM,2257,482838.250,184.70,0.23,0.80,0.09,0.19,0.00,-0.0170,0.0059,-1.0030,23.1690645,113.3363841,32.35,-0.000,0.000,0.000,0.710,34,34,42,1,0,*68
1681481224829122107,14319,1681481219353780031,gps,$GPAGM,2257,482838.260,184.70,0.23,0.80,-0.06,-0.11,-0.01,-0.0144,-0.0023,-0.9969,23.1690645,113.3363841,32.35,0.000,0.000,0.000,0.710,34,34,42,1,0,*47
1681481224829681335,14320,1681481219354371070,gps,$GPAGM,2257,482838.270,184.70,0.23,0.80,-0.01,-0.00,0.00,-0.0188,0.0013,-1.0015,23.1690645,113.3363841,32.35,0.000,0.000,0.000,0.710,34,34,42,1,0,*49
1681481224830296664,14321,1681481219354954004,gps,$GPAGM,2257,482838.280,184.70,0.23,0.80,0.03,0.13,-0.01,-0.0143,0.0027,-0.9981,23.1690645,113.3363841,32.35,-0.000,0.000,0.000,0.710,34,34,42,1,0,*4B
1681481224830866658,14322,1681481219355581998,gps,$GPAGM,2257,482838.290,184.70,0.23,0.80,-0.04,-0.28,0.01,-0.0164,-0.0026,-0.9991,23.1690645,113.3363841,32.35,0.001,0.000,0.000,0.710,34,34,42,1,0,*6C
1681481224861973528,14323,1681481219386512041,gps,$GPAGM,2257,482838.300,184.70,0.23,0.80,0.05,0.26,0.01,-0.0168,0.0047,-1.0011,23.1690645,113.3363841,32.35,-0.000,0.000,0.000,0.710,34,34,42,1,0,*68
1681481224863155461,14324,1681481219387715101,gps,$GPAGM,2257,482838.310,184.70,0.23,0.80,-0.02,-0.18,0.00,-0.0149,-0.0036,-0.9979,23.1690645,113.3363841,32.35,0.001,0.000,0.000,0.710,34,34,42,1,0,*69
1681481224864148599,14325,1681481219388801097,gps,$GPAGM,2257,482838.320,184.70,0.23,0.80,0.02,0.08,-0.00,-0.0168,0.0018,-1.0020,23.1690645,113.3363841,32.35,0.000,0.000,0.000,0.710,34,34,42,1,0,*68
1681481224893924798,14326,1681481219418349027,gps,$GPAGM,2257,482838.330,184.70,0.23,0.80,0.03,0.09,0.00,-0.0126,0.0012,-1.0020,23.1690645,113.3363841,32.35,0.000,0.000,0.000,0.710,34,34,42,1,0,*44
1681481224894482925,14327,1681481219419001102,gps,$GPAGM,2257,482838.340,184.70,0.23,0.80,-0.00,-0.16,0.00,-0.0178,-0.0013,-1.0028,23.1690645,113.3363841,32.35,0.001,0.000,0.000,0.710,34,34,42,1,0,*60
1681481224894964618,14328,1681481219419554948,gps,$GPAGM,2257,482838.350,184.70,0.23,0.80,0.04,0.23,0.01,-0.0151,0.0037,-1.0055,23.1690645,113.3363841,32.35,-0.000,0.000,0.000,0.710,34,34,42,1,0,*64
1681481224928480713,14329,1681481219453102111,gps,$GPAGM,2257,482838.360,184.70,0.23,0.80,-0.07,-0.21,-0.00,-0.0149,-0.0043,-0.9996,23.1690645,113.3363841,32.35,0.001,0.000,0.000,0.710,34,34,42,1,0,*4F
1681481224929059736,14330,1681481219453664064,gps,$GPAGM,2257,482838.370,184.70,0.23,0.80,0.04,0.09,0.00,-0.0160,0.0037,-1.0052,23.1690645,113.3363841,32.35,0.000,0.000,0.000,0.710,34,34,42,1,0,*47
1681481224929576211,14331,1681481219454204082,gps,$GPAGM,2257,482838.380,184.70,0.23,0.80,0.05,-0.10,0.00,-0.0139,-0.0011,-1.0028,23.1690645,113.3363841,32.35,0.000,0.000,0.000,0.710,34,34,42,1,0,*44
1681481224930185709,14332,1681481219454821109,gps,$GPAGM,2257,482838.390,184.70,0.23,0.80,0.02,-0.05,-0.01,-0.0163,0.0003,-1.0028,23.1690645,113.3363841,32.35,0.000,0.000,0.000,0.710,34,34,42,1,0,*4B
1681481224961360345,14333,1681481219485801935,gps,$GPAGM,2257,482838.400,184.70,0.23,0.80,0.03,0.15,-0.01,-0.0143,0.0032,-1.0038,23.1690645,113.3363841,32.35,-0.000,0.000,0.000,0.710,34,34,42,1,0,*44
1681481224962430898,14334,1681481219486912965,gps,$GPAGM,2257,482838.410,184.70,0.23,0.80,-0.03,-0.25,0.00,-0.0149,-0.0033,-1.0006,23.1690645,113.3363841,32.35,0.001,0.000,0.000,0.710,34,34,42,1,0,*6D
1681481224963324186,14335,1681481219487931966,gps,$GPAGM,2257,482838.420,184.70,0.23,0.80,0.01,0.25,0.00,-0.0165,0.0047,-1.0028,23.1690645,113.3363841,32.35,-0.000,0.000,0.000,0.710,34,34,42,1,0,*6C
1681481224993785703,14336,1681481219518210887,gps,$GPAGM,2257,482838.430,184.70,0.23,0.80,-0.06,-0.13,0.00,-0.0151,-0.0014,-1.0011,23.1690645,113.3363841,32.35,0.001,0.000,0.000,0.710,34,34,42,1,0,*65
1681481224994315960,14337,1681481219518799066,gps,$GPAGM,2257,482838.440,184.70,0.23,0.80,-0.03,0.02,0.03,-0.0175,0.0015,-1.0028,23.1690645,113.3363841,32.35,0.000,0.000,0.000,0.710,34,34,42,1,0,*68
1681481224994677543,14338,1681481219519345998,gps,$GPAGM,2257,482838.450,184.70,0.23,0.80,0.01,0.11,-0.01,-0.0146,0.0034,-1.0006,23.1690645,113.3363841,32.35,-0.000,0.000,0.000,0.710,34,34,42,1,0,*49
1681481225024114004,14339,1681481219548562049,gps,$GPAGM,2257,482838.460,184.70,0.23,0.80,-0.03,-0.22,0.00,-0.0169,-0.0023,-0.9989,23.1690645,113.3363841,32.35,0.001,0.000,0.000,0.710,34,34,42,1,0,*68
1681481225024409088,14340,1681481219549163103,gps,$GPAGM,2257,482838.470,184.70,0.23,0.80,0.02,0.16,0.00,-0.0167,0.0054,-1.0023,23.1690645,113.3363841,32.35,-0.000,0.000,0.000,0.710,34,34,42,1,0,*61
1681481225024946819,14341,1681481219549710035,gps,$GPAGM,2257,482838.480,184.70,0.23,0.80,-0.09,-0.17,0.00,-0.0156,-0.0028,-0.9942,23.1690645,113.3363841,32.35,0.001,0.000,0.000,0.710,34,34,42,1,0,*6A
1681481225059627460,14342,1681481219584139108,gps,$GPAGM,2257,482838.490,184.70,0.23,0.80,-0.02,0.08,0.01,-0.0170,0.0027,-1.0008,23.1690645,113.3363841,32.35,0.000,0.000,0.000,0.710,34,34,42,1,0,*6A
1681481225060500147,14343,1681481219585050106,gps,$GPAGM,2257,482838.500,184.70,0.23,0.80,0.02,0.02,0.01,-0.0148,0.0012,-0.9976,23.1690645,113.3363841,32.35,0.000,0.000,0.000,0.710,34,34,42,1,0,*40
1681481225061419913,14344,1681481219586045026,gps,$GPAGM,2257,482838.510,184.70,0.23,0.80,0.01,-0.26,0.00,-0.0173,-0.0008,-0.9984,23.1690645,113.3363841,32.35,0.001,0.000,0.000,0.710,34,34,42,1,0,*4A
1681481225062492997,14345,1681481219587038993,gps,$GPAGM,2257,482838.520,184.70,0.23,0.80,0.01,0.31,0.01,-0.0175,0.0062,-1.0025,23.1690645,113.3363841,32.35,-0.000,0.000,0.000,0.710,34,34,42,1,0,*62
1681481225093652644,14346,1681481219617954015,gps,$GPAGM,2257,482838.530,184.70,0.23,0.80,-0.06,-0.19,0.01,-0.0156,-0.0031,-0.9962,23.1690645,113.3363841,32.35,0.001,0.000,0.000,0.710,34,34,42,1,0,*6A
1681481225094388301,14347,1681481219618864059,gps,$GPAGM,2257,482838.540,184.70,0.23,0.80,0.06,0.10,-0.00,-0.0170,0.0044,-1.0018,23.1690645,113.3363841,32.35,0.000,0.000,0.000,0.710,34,34,42,1,0,*6E
1681481225095183429,14348,1681481219619633913,gps,$GPAGM,2257,482838.550,184.70,0.23,0.80,0.00,0.00,0.00,-0.0131,-0.0002,-0.9994,23.1690645,113.3363841,32.35,0.000,0.000,0.000,0.710,34,34,42,1,0,*6A
1681481225123360650,14349,1681481219647834062,gps,$GPAGM,2257,482838.560,184.70,0.23,0.80,0.00,-0.12,-0.01,-0.0176,0.0008,-1.0006,23.1690645,113.3363841,32.35,0.000,0.000,0.000,0.710,34,34,42,1,0,*45
1681481225124171032,14350,1681481219648621082,gps,$GPAGM,2257,482838.570,184.70,0.23,0.80,-0.00,0.25,0.00,-0.0140,0.0042,-1.0003,23.1690645,113.3363841,32.35,-0.000,0.000,0.000,0.710,34,34,42,1,0,*4F
1681481225124931165,14351,1681481219649312973,gps,$GPAGM,2257,482838.580,184.70,0.23,0.80,-0.03,-0.26,0.00,-0.0149,-0.0028,-0.9976,23.1690645,113.3363841,32.35,0.001,0.000,0.000,0.710,34,34,42,1,0,*6A
1681481225158788688,14352,1681481219683202981,gps,$GPAGM,2257,482838.590,184.70,0.23,0.80,0.04,0.21,0.01,-0.0150,0.0044,-1.0033,23.1690645,113.3363841,32.35,-0.000,0.000,0.000,0.710,34,34,42,1,0,*69
1681481225159500545,14353,1681481219684144020,gps,$GPAGM,2257,482838.600,184.70,0.23,0.80,-0.07,-0.16,-0.00,-0.0144,-0.0021,-0.9996,23.1690645,113.3363841,32.35,0.001,0.000,0.000,0.710,34,34,42,1,0,*41
1681481225160318157,14354,1681481219684974908,gps,$GPAGM,2257,482838.610,184.70,0.23,0.80,-0.02,0.02,-0.02,-0.0156,0.0000,-1.0030,23.1690645,113.3363841,32.35,0.000,0.000,0.000,0.710,34,34,42,2,0,*4D
1681481225161306930,14355,1681481219685894012,gps,$GPAGM,2257,482838.620,184.70,0.23,0.80,-0.00,0.23,0.00,-0.0134,0.0015,-1.0008,23.1690645,113.3363841,32.35,-0.000,0.000,0.000,0.710,34,34,42,2,0,*46
1681481225192661997,14356,1681481219716875076,gps,$GPAGM,2257,482838.630,184.70,0.23,0.80,-0.06,-0.24,0.00,-0.0149,-0.0038,-1.0006,23.1690645,113.3363841,32.35,0.001,0.000,0.000,0.710,34,34,42,2,0,*61
1681481225194758321,14357,1681481219719113111,gps,$GPAGM,2257,482838.640,184.70,0.23,0.80,0.00,0.22,0.02,-0.0161,0.0027,-1.0067,23.1690645,113.3363841,32.35,-0.000,0.000,0.000,0.710,34,34,42,2,0,*66
1681481225196837255,14358,1681481219721204996,gps,$GPAGM,2257,482838.650,184.70,0.23,0.80,-0.09,-0.09,0.01,-0.0144,-0.0045,-0.9976,23.1690645,113.3363841,32.35,0.000,0.000,0.000,0.710,34,34,42,2,0,*66
1681481225222379024,14359,1681481219746920108,gps,$GPAGM,2257,482838.660,184.70,0.23,0.80,-0.03,0.01,0.01,-0.0168,0.0005,-1.0018,23.1690645,113.3363841,32.35,0.000,0.000,0.000,0.710,34,34,42,2,0,*64
1681481225223158636,14360,1681481219747567892,gps,$GPAGM,2257,482838.670,184.70,0.23,0.80,-0.08,0.10,0.01,-0.0146,-0.0021,-0.9986,23.1690645,113.3363841,32.35,0.000,0.000,0.000,0.710,34,34,42,2,0,*4F
1681481225223536671,14361,1681481219748128890,gps,$GPAGM,2257,482838.680,184.70,0.23,0.80,-0.08,-0.15,0.01,-0.0164,-0.0028,-0.9954,23.1690645,113.3363841,32.35,0.001,0.000,0.000,0.710,34,34,42,2,0,*6F
1681481225253965384,14362,1681481219778518915,gps,$GPAGM,2257,482838.690,184.70,0.23,0.80,-0.05,0.08,0.01,-0.0173,0.0037,-1.0028,23.1690645,113.3363841,32.35,0.000,0.000,0.000,0.710,34,34,42,2,0,*6C
1681481225254828327,14363,1681481219779375076,gps,$GPAGM,2257,482838.700,184.70,0.23,0.80,-0.13,-0.22,0.00,-0.0159,-0.0031,-0.9984,23.1690645,113.3363841,32.35,0.001,0.000,0.000,0.710,34,34,42,2,0,*62
1681481225255640541,14364,1681481219780189037,gps,$GPAGM,2257,482838.710,184.70,0.23,0.80,-0.01,0.17,-0.01,-0.0180,0.0027,-1.0059,23.1690645,113.3363841,32.35,-0.000,0.000,0.000,0.710,34,34,42,2,0,*64
1681481225289454368,14365,1681481219813900947,gps,$GPAGM,2257,482838.720,184.70,0.23,0.80,-0.04,-0.00,0.00,-0.0158,0.0005,-1.0013,23.1690645,113.3363841,32.35,0.000,0.000,0.000,0.710,34,34,42,2,0,*43
1681481225291549737,14366,1681481219815824031,gps,$GPAGM,2257,482838.730,184.70,0.23,0.80,-0.00,-0.13,-0.00,-0.0185,0.0018,-1.0006,23.1690645,113.3363841,32.35,0.001,0.000,0.000,0.710,34,34,42,2,0,*60
1681481225293360120,14367,1681481219817640066,gps,$GPAGM,2257,482838.740,184.70,0.23,0.80,-0.01,0.23,0.00,-0.0167,0.0074,-1.0028,23.1690645,113.3363841,32.35,-0.000,0.000,0.000,0.710,34,34,42,2,0,*43
1681481225294210771,14368,1681481219818727970,gps,$GPAGM,2257,482838.750,184.70,0.23,0.80,0.02,-0.22,-0.01,-0.0173,-0.0016,-0.9991,23.1690645,113.3363841,32.35,0.001,0.000,0.000,0.710,34,34,42,2,0,*6F
1681481225321501048,14369,1681481219845918893,gps,$GPAGM,2257,482838.760,184.70,0.23,0.80,0.11,0.19,-0.02,-0.0172,0.0098,-1.0030,23.1690645,113.3363841,32.35,-0.000,0.000,0.000,0.710,34,34,42,2,0,*44
1681481225321992541,14370,1681481219846561908,gps,$GPAGM,2257,482838.770,184.70,0.23,0.80,0.00,-0.08,-0.00,-0.0156,0.0015,-1.0006,23.1690645,113.3363841,32.35,0.000,0.000,0.000,0.710,34,34,42,2,0,*41
1681481225322621087,14371,1681481219847095966,gps,$GPAGM,2257,482838.780,184.70,0.23,0.80,0.10,-0.01,-0.00,-0.0175,0.0069,-1.0033,23.1690645,113.3363841,32.35,0.000,0.000,0.000,0.710,34,34,42,2,0,*4A
1681481225354595111,14372,1681481219878809928,gps,$GPAGM,2257,482838.790,184.70,0.23,0.80,0.02,0.17,-0.00,-0.0138,0.0046,-0.9994,23.1690645,113.3363841,32.35,-0.000,0.000,0.000,0.710,34,34,42,2,0,*47
1681481225357723687,14373,1681481219882082939,gps,$GPAGM,2257,482838.800,184.70,0.23,0.80,-0.03,-0.18,0.00,-0.0156,0.0012,-1.0011,23.1690645,113.3363841,32.35,0.001,0.000,0.000,0.710,34,34,42,2,0,*4B
1681481225361095461,14374,1681481219885421037,gps,$GPAGM,2257,482838.810,184.70,0.23,0.80,0.05,0.28,-0.02,-0.0150,0.0071,-0.9991,23.1690645,113.3363841,32.35,-0.000,0.000,0.000,0.710,34,34,42,1,0,*45
1681481225389070387,14375,1681481219913398981,gps,$GPAGM,2257,482838.820,184.70,0.23,0.80,-0.07,-0.17,0.01,-0.0129,-0.0024,-0.9962,23.1690645,113.3363841,32.35,0.001,0.000,0.000,0.710,34,34,42,1,0,*65
1681481225392722664,14376,1681481219916882991,gps,$GPAGM,2257,482838.830,184.70,0.23,0.80,-0.02,0.04,-0.01,-0.0146,0.0032,-1.0060,23.1690645,113.3363841,32.35,0.000,0.000,0.000,0.710,34,34,42,1,0,*42
1681481225393878025,14377,1681481219918452978,gps,$GPAGM,2257,482838.840,184.70,0.23,0.80,-0.02,0.11,-0.00,-0.0100,-0.0014,-1.0003,23.1690645,113.3363841,32.35,-0.000,0.000,0.000,0.710,34,34,42,1,0,*43
1681481225394589747,14378,1681481219919064998,gps,$GPAGM,2257,482838.850,184.70,0.23,0.80,0.00,-0.12,0.00,-0.0161,-0.0023,-1.0033,23.1690645,113.3363841,32.35,0.001,0.000,0.000,0.710,34,34,42,1,0,*42
1681481225420524577,14379,1681481219945060014,gps,$GPAGM,2257,482838.860,184.70,0.23,0.80,0.04,0.19,0.01,-0.0143,0.0034,-1.0035,23.1690645,113.3363841,32.35,-0.000,0.000,0.000,0.710,34,34,42,1,0,*63
1681481225421353404,14380,1681481219945784091,gps,$GPAGM,2257,482838.870,184.70,0.23,0.80,0.02,-0.16,0.00,-0.0142,-0.0043,-0.9964,23.1690645,113.3363841,32.35,0.001,0.000,0.000,0.710,34,34,42,1,0,*42
1681481225421718258,14381,1681481219946294069,gps,$GPAGM,2257,482838.880,184.70,0.23,0.80,0.20,0.00,0.01,-0.0160,0.0034,-1.0057,23.1690645,113.3363841,32.35,0.000,0.001,0.001,0.710,34,34,42,1,0,*4B
1681481225453960913,14382,1681481219978240966,gps,$GPAGM,2257,482838.890,184.70,0.23,0.80,0.09,-0.00,0.02,-0.0144,-0.0004,-0.9991,23.1690645,113.3363841,32.35,0.000,0.000,0.000,0.710,34,34,42,1,0,*4C
1681481225456922522,14383,1681481219981241941,gps,$GPAGM,2257,482838.900,184.70,0.23,0.80,0.14,-0.01,0.00,-0.0168,0.0022,-0.9986,23.1690645,113.3363841,32.35,0.000,0.001,0.000,0.710,34,34,42,1,0,*6B
1681481225459799243,14384,1681481219984121084,gps,$GPAGM,2257,482838.910,184.70,0.23,0.80,0.09,0.11,0.00,-0.0163,0.0052,-1.0008,23.1690645,113.3363841,32.35,0.000,0.000,0.000,0.710,34,34,42,1,0,*40
1681481225485611875,14385,1681481220009763956,gps,$GPAGM,2257,482838.920,184.70,0.23,0.80,0.06,-0.19,-0.01,-0.0163,-0.0006,-0.9925,23.1690645,113.3363841,32.35,0.001,0.000,0.000,0.710,34,34,42,1,0,*66
1681481225489990481,14386,1681481220013845920,gps,$GPAGM,2257,482838.930,184.70,0.23,0.80,0.15,0.12,-0.01,-0.0180,0.0064,-1.0013,23.1690645,113.3363841,32.35,-0.000,0.001,0.000,0.710,34,34,42,1,0,*4E
1681481225493248862,14387,1681481220017482995,gps,$GPAGM,2257,482838.940,184.70,0.23,0.80,-0.06,-0.12,0.00,-0.0168,-0.0008,-0.9993,23.1690645,113.3363841,32.35,0.001,0.000,0.000,0.710,34,34,42,1,0,*62
1681481225519180745,14388,1681481220043695926,gps,$GPAGM,2257,482838.950,184.70,0.23,0.80,0.04,-0.04,-0.04,-0.0183,0.0023,-0.9986,23.1690645,113.3363841,32.35,0.000,0.000,0.000,0.710,34,34,42,1,0,*46
1681481225519979098,14389,1681481220044261932,gps,$GPAGM,2257,482838.960,184.70,0.23,0.80,-0.01,0.09,-0.02,-0.0156,0.0020,-1.0011,23.1690645,113.3363841,32.35,0.000,0.000,0.000,0.710,34,34,42,1,0,*4F
1681481225520383272,14390,1681481220044853925,gps,$GPAGM,2257,482838.970,184.70,0.23,0.80,-0.03,-0.18,-0.02,-0.0176,-0.0038,-0.9986,23.1690645,113.3363841,32.35,0.001,0.000,0.000,0.710,34,34,42,1,0,*49
1681481225520941531,14391,1681481220045452117,gps,$GPAGM,2257,482838.980,184.70,0.23,0.80,0.03,0.16,-0.03,-0.0170,0.0027,-1.0020,23.1690645,113.3363841,32.35,-0.000,0.000,0.000,0.710,34,34,42,1,0,*4D
1681481225552597752,14392,1681481220077100038,gps,$GPAGM,2257,482838.990,184.70,0.23,0.80,-0.06,-0.14,-0.02,-0.0160,-0.0072,-0.9993,23.1690645,113.3363841,32.35,0.001,0.000,0.000,0.710,34,34,42,1,0,*43
1681481225553305173,14393,1681481220077938079,gps,$GPAGM,2257,482839.000,184.70,0.23,0.80,0.06,0.18,-0.01,-0.0171,-0.0011,-1.0030,23.1690645,113.3363841,32.35,-0.000,0.000,0.000,0.710,34,34,42,1,0,*6C
1681481225554071757,14394,1681481220078666925,gps,$GPAGM,2257,482839.010,184.70,0.23,0.80,0.00,-0.01,0.00,-0.0127,-0.0053,-0.9986,23.1690645,113.3363841,32.35,0.000,0.000,0.000,0.710,34,34,42,1,0,*46
1681481225583489721,14395,1681481220107986927,gps,$GPAGM,2257,482839.020,184.70,0.23,0.80,0.03,-0.06,0.01,-0.0169,-0.0045,-1.0037,23.1690645,113.3363841,32.35,0.000,0.000,0.000,0.700,34,34,42,1,0,*47
1681481225585265667,14396,1681481220109617948,gps,$GPAGM,2257,482839.030,184.70,0.23,0.80,0.03,0.33,0.02,-0.0146,0.0007,-1.0013,23.1690645,113.3363841,32.35,-0.000,0.000,0.000,0.700,34,34,42,1,0,*63
1681481225587285712,14397,1681481220111630916,gps,$GPAGM,2257,482839.040,184.70,0.23,0.80,-0.00,-0.25,0.00,-0.0132,-0.0068,-0.9991,23.1690645,113.3363841,32.35,0.001,0.000,0.000,0.700,34,34,42,1,0,*62
1681481225618339098,14398,1681481220142795085,gps,$GPAGM,2257,482839.050,184.70,0.23,0.81,0.08,0.19,0.01,-0.0158,0.0027,-1.0055,23.1690645,113.3363841,32.35,-0.000,0.000,0.000,0.700,34,34,42,1,0,*6B
1681481225618809163,14399,1681481220143359899,gps,$GPAGM,2257,482839.060,184.70,0.23,0.81,0.03,-0.03,0.01,-0.0117,-0.0024,-0.9986,23.1690645,113.3363841,32.35,0.000,0.000,0.000,0.700,34,34,42,1,0,*42
1681481225619561981,14400,1681481220143965005,gps,$GPAGM,2257,482839.070,184.70,0.23,0.81,0.01,-0.02,0.04,-0.0168,0.0005,-1.0050,23.1690645,113.3363841,32.35,0.000,0.000,0.000,0.700,34,34,42,1,0,*69
1681481225620117468,14401,1681481220144573926,gps,$GPAGM,2257,482839.080,184.70,0.23,0.81,0.03,0.21,0.01,-0.0126,0.0039,-1.0003,23.1690645,113.3363841,32.35,-0.000,0.000,0.000,0.700,34,34,42,1,0,*63
1681481225650677325,14402,1681481220175136089,gps,$GPAGM,2257,482839.090,184.70,0.23,0.81,-0.07,-0.14,0.01,-0.0141,-0.0014,-0.9976,23.1690645,113.3363841,32.35,0.001,0.000,0.000,0.700,34,34,42,1,0,*6C
1681481225651553010,14403,1681481220176167011,gps,$GPAGM,2257,482839.100,184.70,0.23,0.81,0.03,0.15,0.02,-0.0150,0.0064,-1.0057,23.1690645,113.3363841,32.35,-0.000,0.000,0.000,0.700,34,34,42,1,0,*66
1681481225652539804,14404,1681481220177090883,gps,$GPAGM,2257,482839.110,184.70,0.23,0.81,-0.09,-0.13,0.01,-0.0146,-0.0009,-0.9993,23.1690645,113.3363841,32.35,0.001,0.000,0.000,0.700,34,34,42,1,0,*6C
1681481225684077581,14405,1681481220208425045,gps,$GPAGM,2257,482839.120,184.70,0.23,0.80,-0.07,0.01,0.01,-0.0168,0.0035,-1.0011,23.1690645,113.3363841,32.35,0.000,0.000,0.000,0.700,34,34,42,1,0,*6A
1681481225687176417,14406,1681481220211381912,gps,$GPAGM,2257,482839.130,184.70,0.23,0.80,-0.03,0.07,-0.02,-0.0136,0.0027,-1.0025,23.1690645,113.3363841,32.35,0.000,0.000,0.000,0.700,34,34,42,1,0,*48
1681481225687555759,14407,1681481220212104082,gps,$GPAGM,2257,482839.140,184.70,0.23,0.80,-0.09,-0.23,0.00,-0.0158,-0.0001,-1.0006,23.1690645,113.3363841,32.35,0.001,0.000,0.000,0.700,34,34,42,1,0,*60
1681481225713544583,14408,1681481220238123893,gps,$GPAGM,2257,482839.150,184.70,0.23,0.80,-0.01,0.14,-0.00,-0.0163,0.0047,-1.0016,23.1690645,113.3363841,32.35,-0.000,0.000,0.000,0.700,34,34,42,1,0,*67
1681481225714395068,14409,1681481220238759040,gps,$GPAGM,2257,482839.160,184.70,0.23,0.80,-0.12,-0.21,-0.03,-0.0164,-0.0038,-0.9974,23.1690645,113.3363841,32.35,0.001,0.000,0.000,0.700,34,34,42,1,0,*45
1681481225715126599,14410,1681481220239563941,gps,$GPAGM,2257,482839.170,184.70,0.23,0.80,0.08,0.02,-0.00,-0.0168,0.0037,-1.0008,23.1690645,113.3363841,32.35,0.000,0.000,0.000,0.700,34,34,42,1,0,*68
1681481225748815565,14411,1681481220273395061,gps,$GPAGM,2257,482839.180,184.70,0.23,0.80,-0.03,-0.02,0.00,-0.0149,-0.0011,-0.9991,23.1690645,113.3363841,32.35,0.000,0.000,0.000,0.700,34,34,42,1,0,*6A
1681481225749530710,14412,1681481220274173021,gps,$GPAGM,2257,482839.190,184.70,0.23,0.80,-0.00,-0.09,-0.02,-0.0181,0.0003,-1.0008,23.1690645,113.3363841,32.35,0.000,0.000,0.000,0.700,34,34,42,1,0,*67
1681481225750346517,14413,1681481220274905920,gps,$GPAGM,2257,482839.200,184.70,0.23,0.80,0.03,0.19,0.00,-0.0162,0.0052,-0.9996,23.1690645,113.3363841,32.35,-0.000,0.000,0.000,0.700,34,34,42,1,0,*62
1681481225751141542,14414,1681481220275743007,gps,$GPAGM,2257,482839.210,184.70,0.23,0.80,-0.10,-0.17,0.01,-0.0159,-0.0028,-0.9949,23.1690645,113.3363841,32.35,0.001,0.000,0.000,0.700,34,34,42,1,0,*68
1681481225782190855,14415,1681481220306581974,gps,$GPAGM,2257,482839.220,184.70,0.23,0.80,0.10,0.15,0.01,-0.0172,0.0052,-1.0011,23.1690645,113.3363841,32.35,-0.000,0.000,0.000,0.700,34,34,42,1,0,*60
1681481225784315102,14416,1681481220308583021,gps,$GPAGM,2257,482839.230,184.70,0.23,0.80,-0.05,-0.10,0.00,-0.0154,-0.0009,-0.9974,23.1690645,113.3363841,32.35,0.000,0.000,0.000,0.700,34,34,42,1,0,*69
1681481225786523453,14417,1681481220310821056,gps,$GPAGM,2257,482839.240,184.70,0.23,0.80,-0.04,-0.03,-0.00,-0.0190,0.0015,-1.0008,23.1690645,113.3363841,32.35,0.000,0.000,0.000,0.700,34,34,42,1,0,*62
1681481225812635532,14418,1681481220337081909,gps,$GPAGM,2257,482839.250,184.70,0.23,0.80,-0.04,0.21,-0.00,-0.0155,0.0044,-0.9984,23.1690645,113.3363841,32.35,-0.000,0.000,0.000,0.700,34,34,42,1,0,*6B
1681481225813182214,14419,1681481220337656974,gps,$GPAGM,2257,482839.260,184.70,0.23,0.80,-0.09,-0.26,0.00,-0.0164,-0.0026,-0.9969,23.1690645,113.3363841,32.35,0.001,0.000,0.000,0.700,34,34,42,1,0,*66
1681481225813642038,14420,1681481220338280916,gps,$GPAGM,2257,482839.270,184.70,0.23,0.80,0.00,0.17,0.03,-0.0182,0.0062,-1.0062,23.1690645,113.3363841,32.35,-0.000,0.000,0.000,0.700,34,34,42,1,0,*6C
1681481225844525595,14421,1681481220369077920,gps,$GPAGM,2257,482839.280,184.70,0.23,0.80,-0.07,-0.08,-0.01,-0.0171,-0.0033,-0.9991,23.1690645,113.3363841,32.35,0.000,0.000,0.000,0.700,34,34,42,1,0,*40
1681481225845222400,14422,1681481220369826078,gps,$GPAGM,2257,482839.290,184.70,0.23,0.80,0.01,0.02,0.01,-0.0188,0.0030,-1.0067,23.1690645,113.3363841,32.35,0.000,0.000,0.000,0.700,34,34,42,1,0,*40
1681481225845980509,14423,1681481220370542049,gps,$GPAGM,2257,482839.300,184.70,0.23,0.80,0.06,0.18,0.00,-0.0146,0.0012,-1.0028,23.1690645,113.3363841,32.35,-0.000,0.000,0.000,0.700,34,34,42,1,0,*61
1681481225846624771,14424,1681481220371272087,gps,$GPAGM,2257,482839.310,184.70,0.23,0.80,0.03,-0.14,-0.02,-0.0169,-0.0016,-1.0035,23.1690645,113.3363841,32.35,0.001,0.000,0.000,0.700,34,34,42,1,0,*6F
1681481225881299347,14425,1681481220405577898,gps,$GPAGM,2257,482839.320,184.70,0.23,0.80,0.12,0.19,0.00,-0.0170,0.0064,-1.0064,23.1690645,113.3363841,32.35,-0.000,0.000,0.000,0.700,34,34,42,1,0,*6B
1681481225883339291,14426,1681481220407747983,gps,$GPAGM,2257,482839.330,184.70,0.23,0.80,0.05,-0.12,-0.02,-0.0137,-0.0024,-1.0003,23.1690645,113.3363841,32.35,0.000,0.000,0.000,0.700,34,34,42,1,0,*63
1681481225885394643,14427,1681481220409748077,gps,$GPAGM,2257,482839.340,184.70,0.23,0.80,0.15,0.15,-0.00,-0.0158,0.0042,-1.0042,23.1690645,113.3363841,32.35,-0.000,0.001,0.000,0.700,34,34,42,1,0,*40
1681481225911930689,14428,1681481220436312913,gps,$GPAGM,2257,482839.350,184.70,0.23,0.80,0.05,0.05,0.00,-0.0124,0.0002,-0.9994,23.1690645,113.3363841,32.35,0.000,0.000,0.000,0.700,34,34,42,1,0,*45
1681481225912515365,14429,1681481220436887979,gps,$GPAGM,2257,482839.360,184.70,0.23,0.80,0.03,-0.16,0.00,-0.0161,0.0005,-1.0006,23.1690645,113.3363841,32.35,0.001,0.000,0.000,0.700,34,34,42,1,0,*62
1681481225912915744,14430,1681481220437439918,gps,$GPAGM,2257,482839.370,184.70,0.23,0.80,-0.00,0.18,-0.01,-0.0136,0.0039,-1.0006,23.1690645,113.3363841,32.35,-0.000,0.000,0.000,0.700,34,34,42,1,0,*63
1681481225944540823,14431,1681481220469052076,gps,$GPAGM,2257,482839.380,184.70,0.23,0.80,-0.10,-0.16,-0.01,-0.0132,-0.0038,-0.9954,23.1690645,113.3363841,32.35,0.001,0.000,0.000,0.700,34,34,42,1,0,*4C
1681481225945138295,14432,1681481220469785928,gps,$GPAGM,2257,482839.390,184.70,0.23,0.80,0.02,0.08,0.00,-0.0138,0.0027,-1.0035,23.1690645,113.3363841,32.35,0.000,0.000,0.000,0.700,34,34,42,1,0,*43
1681481225945888543,14433,1681481220470521926,gps,$GPAGM,2257,482839.400,184.70,0.23,0.80,-0.12,-0.09,0.02,-0.0134,-0.0036,-0.9976,23.1690645,113.3363841,32.35,0.000,0.000,0.000,0.700,34,34,42,1,0,*68
1681481225979288491,14434,1681481220503777027,gps,$GPAGM,2257,482839.410,184.70,0.23,0.80,-0.07,-0.00,0.01,-0.0159,-0.0016,-0.9989,23.1690645,113.3363841,32.35,0.000,0.000,0.000,0.700,34,34,42,1,0,*6E
1681481225981212421,14435,1681481220505693912,gps,$GPAGM,2257,482839.420,184.70,0.23,0.80,-0.04,0.08,0.00,-0.0136,0.0005,-0.9994,23.1690645,113.3363841,32.35,0.000,0.000,0.000,0.700,34,34,42,1,0,*60
1681481225983193008,14436,1681481220507694959,gps,$GPAGM,2257,482839.430,184.70,0.23,0.80,-0.06,-0.18,0.02,-0.0137,-0.0050,-0.9967,23.1690645,113.3363841,32.35,0.001,0.000,0.000,0.700,34,34,42,1,0,*6C
1681481225985446687,14437,1681481220509809970,gps,$GPAGM,2257,482839.440,184.70,0.23,0.80,0.08,0.15,0.02,-0.0156,0.0027,-1.0016,23.1690645,113.3363841,32.35,-0.000,0.000,0.000,0.700,34,34,42,1,0,*69
1681481226010962803,14438,1681481220535541057,gps,$GPAGM,2257,482839.450,184.70,0.23,0.80,-0.02,-0.17,0.00,-0.0152,-0.0043,-0.9984,23.1690645,113.3363841,32.35,0.001,0.000,0.000,0.700,34,34,42,1,0,*6F
1681481226011514671,14439,1681481220536124944,gps,$GPAGM,2257,482839.460,184.70,0.23,0.80,0.06,0.04,0.02,-0.0175,0.0025,-1.0006,23.1690645,113.3363841,32.35,0.000,0.000,0.000,0.700,34,34,42,1,0,*4A
1681481226012390721,14440,1681481220536698102,gps,$GPAGM,2257,482839.470,184.70,0.23,0.80,0.05,0.03,0.00,-0.0151,0.0012,-1.0003,23.1690645,113.3363841,32.35,0.000,0.000,0.000,0.700,34,34,42,1,0,*4A
1681481226042923916,14441,1681481220567464113,gps,$GPAGM,2257,482839.480,184.70,0.23,0.80,0.08,-0.14,0.03,-0.0173,0.0008,-0.9998,23.1690645,113.3363841,32.35,0.001,0.000,0.000,0.700,34,34,42,1,0,*69
1681481226043632923,14442,1681481220568227052,gps,$GPAGM,2257,482839.490,184.70,0.23,0.80,0.09,0.12,0.02,-0.0172,0.0071,-1.0050,23.1690645,113.3363841,32.35,0.000,0.000,0.000,0.700,34,34,42,1,0,*48
1681481226044343578,14443,1681481220568944931,gps,$GPAGM,2257,482839.500,184.70,0.23,0.80,-0.03,-0.18,-0.01,-0.0166,-0.0006,-0.9996,23.1690645,113.3363841,32.35,0.001,0.000,0.000,0.700,34,34,42,1,0,*4C
1681481226079004977,14444,1681481220603348016,gps,$GPAGM,2257,482839.510,184.70,0.23,0.80,0.07,0.13,0.01,-0.0187,0.0059,-1.0037,23.1690645,113.3363841,32.35,0.000,0.000,0.000,0.700,34,34,42,1,0,*4C
1681481226082290542,14445,1681481220606323003,gps,$GPAGM,2257,482839.520,184.70,0.23,0.80,-0.00,-0.01,-0.00,-0.0143,0.0017,-1.0020,23.1690645,113.3363841,32.35,0.000,0.000,0.000,0.700,34,34,42,1,0,*63
1681481226085155730,14446,1681481220609580039,gps,$GPAGM,2257,482839.530,184.70,0.22,0.80,-0.03,-0.11,0.00,-0.0183,0.0008,-1.0047,23.1690645,113.3363841,32.35,0.001,0.000,0.000,0.700,34,34,42,1,0,*4E
1681481226088916973,14447,1681481220612848997,gps,$GPAGM,2257,482839.540,184.70,0.23,0.80,-0.01,0.21,0.00,-0.0165,0.0052,-1.0030,23.1690645,113.3363841,32.35,-0.000,0.000,0.000,0.700,34,34,42,1,0,*4F
1681481226110307998,14448,1681481220634731054,gps,$GPAGM,2257,482839.550,184.70,0.23,0.80,-0.11,-0.19,0.00,-0.0157,-0.0040,-0.9996,23.1690645,113.3363841,32.35,0.001,0.000,0.000,0.700,34,34,42,1,0,*67
1681481226110975314,14449,1681481220635432958,gps,$GPAGM,2257,482839.560,184.70,0.23,0.80,0.04,0.17,0.00,-0.0170,0.0040,-1.0052,23.1690645,113.3363841,32.35,-0.000,0.000,0.000,0.700,34,34,42,1,0,*63
1681481226111726148,14450,1681481220636073112,gps,$GPAGM,2257,482839.570,184.70,0.23,0.80,-0.06,-0.04,-0.01,-0.0144,-0.0050,-1.0001,23.1690645,113.3363841,32.35,0.000,0.000,0.000,0.700,34,34,42,1,0,*4E
1681481226144679710,14451,1681481220668873071,gps,$GPAGM,2257,482839.580,184.70,0.23,0.80,0.00,-0.02,-0.00,-0.0178,-0.0003,-1.0047,23.1690645,113.3363841,32.35,0.000,0.000,0.000,0.700,34,34,42,1,0,*66
1681481226147849216,14452,1681481220672220945,gps,$GPAGM,2257,482839.590,184.70,0.23,0.80,0.00,0.16,0.00,-0.0134,-0.0002,-0.9984,23.1690645,113.3363841,32.35,-0.000,0.000,0.000,0.700,34,34,42,1,0,*48
1681481226151427449,14453,1681481220675723075,gps,$GPAGM,2257,482839.600,184.70,0.23,0.80,-0.05,-0.18,0.01,-0.0152,-0.0045,-0.9979,23.1690645,113.3363841,32.35,0.001,0.000,0.000,0.700,34,34,42,1,0,*65
1681481226174926610,14454,1681481220699244976,gps,$GPAGM,2257,482839.610,184.70,0.23,0.80,0.06,0.23,-0.00,-0.0160,0.0035,-1.0013,23.1690645,113.3363841,32.35,-0.000,0.000,0.000,0.700,34,34,42,2,0,*4A
1681481226178166956,14455,1681481220702581882,gps,$GPAGM,2257,482839.620,184.70,0.23,0.80,0.00,-0.11,0.02,-0.0134,-0.0033,-0.9940,23.1690645,113.3363841,32.35,0.001,0.000,0.000,0.700,34,34,42,2,0,*4D
1681481226181441519,14456,1681481220705750942,gps,$GPAGM,2257,482839.630,184.70,0.23,0.80,0.06,0.02,0.04,-0.0168,0.0027,-1.0011,23.1690645,113.3363841,32.35,0.000,0.000,0.000,0.700,34,34,42,2,0,*46
1681481226208888414,14457,1681481220733422040,gps,$GPAGM,2257,482839.640,184.70,0.23,0.80,0.07,0.11,0.00,-0.0131,0.0012,-0.9979,23.1690645,113.3363841,32.35,0.000,0.000,0.000,0.700,34,34,42,2,0,*43
1681481226209501912,14458,1681481220734051942,gps,$GPAGM,2257,482839.650,184.70,0.23,0.80,0.03,-0.18,-0.00,-0.0165,0.0015,-0.9950,23.1690645,113.3363841,32.35,0.001,0.000,0.000,0.700,34,34,42,2,0,*43
1681481226210203469,14459,1681481220734678983,gps,$GPAGM,2257,482839.660,184.70,0.23,0.80,0.04,0.18,0.01,-0.0150,0.0071,-1.0030,23.1690645,113.3363841,32.35,-0.000,0.000,0.000,0.700,34,34,42,2,0,*69
1681481226210805818,14460,1681481220735295057,gps,$GPAGM,2257,482839.670,184.70,0.23,0.80,-0.03,-0.11,-0.01,-0.0153,-0.0001,-0.9957,23.1690645,113.3363841,32.35,0.000,0.000,0.000,0.700,34,34,42,2,0,*4F
1681481226244276255,14461,1681481220768241882,gps,$GPAGM,2257,482839.680,184.70,0.23,0.80,0.06,0.16,-0.00,-0.0153,0.0059,-1.0016,23.1690645,113.3363841,32.35,-0.000,0.000,0.000,0.700,34,34,42,2,0,*4A
1681481226248639523,14462,1681481220772918939,gps,$GPAGM,2257,482839.690,184.70,0.23,0.80,-0.00,-0.12,-0.00,-0.0141,-0.0009,-1.0025,23.1690645,113.3363841,32.35,0.001,0.000,0.000,0.700,34,34,42,2,0,*4E
1681481226252301529,14463,1681481220776540994,gps,$GPAGM,2257,482839.700,184.70,0.23,0.80,-0.02,-0.02,-0.01,-0.0170,0.0018,-1.0018,23.1690645,113.3363841,32.35,0.000,0.000,0.000,0.700,34,34,42,2,0,*64
1681481226274073276,14464,1681481220798350095,gps,$GPAGM,2257,482839.710,184.70,0.23,0.80,-0.01,0.11,-0.00,-0.0158,0.0037,-1.0013,23.1690645,113.3363841,32.35,0.000,0.000,0.000,0.700,34,34,42,2,0,*44
1681481226277681798,14465,1681481220802038908,gps,$GPAGM,2257,482839.720,184.70,0.23,0.80,-0.05,-0.22,-0.03,-0.0152,-0.0043,-1.0020,23.1690645,113.3363841,32.35,0.001,0.000,0.000,0.700,34,34,42,2,0,*48
1681481226281358594,14466,1681481220805716037,gps,$GPAGM,2257,482839.730,184.70,0.23,0.80,0.08,0.16,-0.02,-0.0163,0.0035,-1.0069,23.1690645,113.3363841,32.35,-0.000,0.000,0.000,0.700,34,34,42,2,0,*4D
1681481226304380152,14467,1681481220828834056,gps,$GPAGM,2257,482839.740,184.70,0.23,0.80,-0.04,-0.13,0.00,-0.0152,-0.0043,-1.0028,23.1690645,113.3363841,32.35,0.001,0.000,0.000,0.700,34,34,42,2,0,*6B
1681481226305039913,14468,1681481220829523086,gps,$GPAGM,2257,482839.750,184.70,0.23,0.80,0.07,0.02,0.02,-0.0178,0.0001,-1.0037,23.1690645,113.3363841,32.35,0.000,0.000,0.000,0.700,34,34,42,2,0,*47
1681481226305807659,14469,1681481220830324888,gps,$GPAGM,2257,482839.760,184.70,0.23,0.80,0.00,0.13,0.00,-0.0141,0.0007,-1.0003,23.1690645,113.3363841,32.35,-0.000,0.000,0.000,0.700,34,34,42,2,0,*67
1681481226340282152,14470,1681481220864567995,gps,$GPAGM,2257,482839.770,184.70,0.23,0.80,-0.02,-0.17,0.02,-0.0167,-0.0043,-1.0001,23.1690645,113.3363841,32.35,0.001,0.000,0.000,0.700,34,34,42,2,0,*65
1681481226344468332,14471,1681481220868799924,gps,$GPAGM,2257,482839.780,184.70,0.23,0.80,0.13,0.25,-0.00,-0.0168,0.0042,-1.0018,23.1690645,113.3363841,32.35,-0.000,0.000,0.000,0.700,34,34,42,2,0,*43
1681481226347154273,14472,1681481220871566057,gps,$GPAGM,2257,482839.790,184.70,0.23,0.80,-0.05,-0.19,0.00,-0.0154,-0.0040,-0.9959,23.1690645,113.3363841,32.35,0.001,0.000,0.000,0.700,34,34,42,2,0,*6F
1681481226350092939,14473,1681481220874337911,gps,$GPAGM,2257,482839.800,184.70,0.23,0.80,0.01,0.12,-0.00,-0.0175,0.0025,-1.0033,23.1690645,113.3363841,32.35,-0.000,0.000,0.000,0.700,34,34,42,2,0,*47
1681481226373893085,14474,1681481220898089885,gps,$GPAGM,2257,482839.810,184.70,0.23,0.80,0.03,-0.00,0.00,-0.0139,0.0007,-0.9954,23.1690645,113.3363841,32.35,0.000,0.000,0.000,0.700,34,34,42,2,0,*62
1681481226377880391,14475,1681481220902065038,gps,$GPAGM,2257,482839.820,184.70,0.23,0.80,-0.00,-0.19,0.00,-0.0176,-0.0003,-0.9996,23.1690645,113.3363841,32.35,0.001,0.000,0.000,0.700,34,34,42,2,0,*6A
1681481226380814184,14476,1681481220905167102,gps,$GPAGM,2257,482839.830,184.70,0.23,0.80,0.03,0.21,0.02,-0.0167,0.0064,-1.0011,23.1690645,113.3363841,32.35,-0.000,0.000,0.000,0.700,34,34,42,2,0,*6F
1681481226403715557,14477,1681481220927999019,gps,$GPAGM,2257,482839.840,184.70,0.23,0.80,-0.06,-0.15,0.01,-0.0154,-0.0026,-0.9947,23.1690645,113.3363841,32.35,0.001,0.000,0.000,0.700,34,34,42,2,0,*6C
1681481226404453861,14478,1681481220928776025,gps,$GPAGM,2257,482839.850,184.70,0.23,0.80,0.06,0.08,0.00,-0.0172,0.0059,-1.0028,23.1690645,113.3363841,32.35,0.000,0.000,0.000,0.700,34,34,42,2,0,*48
1681481226404971878,14479,1681481220929460048,gps,$GPAGM,2257,482839.860,184.70,0.23,0.80,0.02,-0.00,-0.01,-0.0149,-0.0009,-0.9991,23.1690645,113.3363841,32.35,0.000,0.000,0.000,0.700,34,34,42,2,0,*65
1681481226438730609,14480,1681481220963246107,gps,$GPAGM,2257,482839.870,184.70,0.23,0.80,0.01,-0.05,-0.00,-0.0183,0.0015,-0.9996,23.1690645,113.3363841,32.35,0.000,0.000,0.000,0.700,34,34,42,2,0,*42
1681481226439331418,14481,1681481220963923931,gps,$GPAGM,2257,482839.880,184.70,0.23,0.80,-0.01,0.20,-0.00,-0.0158,0.0032,-1.0016,23.1690645,113.3363841,32.35,-0.000,0.000,0.000,0.700,34,34,42,2,0,*6D
1681481226439931439,14482,1681481220964551925,gps,$GPAGM,2257,482839.890,184.70,0.23,0.80,-0.03,-0.13,-0.00,-0.0161,-0.0028,-0.9989,23.1690645,113.3363841,32.35,0.001,0.000,0.000,0.700,34,34,42,2,0,*44
1681481226440624990,14483,1681481220965197086,gps,$GPAGM,2257,482839.900,184.70,0.23,0.80,0.04,0.20,0.00,-0.0155,0.0037,-1.0020,23.1690645,113.3363841,32.35,-0.000,0.000,0.000,0.700,34,34,42,2,0,*6C
1681481226471323780,14484,1681481220995719909,gps,$GPAGM,2257,482839.910,184.70,0.23,0.80,-0.04,-0.23,-0.05,-0.0149,-0.0040,-1.0015,23.1690645,113.3363841,32.35,0.001,0.000,0.000,0.700,34,34,42,2,0,*4C
1681481226472603664,14485,1681481220997081995,gps,$GPAGM,2257,482839.920,184.70,0.23,0.80,0.03,0.13,-0.01,-0.0158,0.0008,-1.0020,23.1690645,113.3363841,32.35,-0.000,0.000,0.000,0.700,34,34,42,2,0,*44
1681481226473816590,14486,1681481220998327016,gps,$GPAGM,2257,482839.930,184.70,0.23,0.80,-0.01,0.04,-0.02,-0.0117,0.0000,-1.0016,23.1690645,113.3363841,32.35,0.000,0.000,0.000,0.700,34,34,42,2,0,*44
1681481226502557614,14487,1681481221026962041,gps,$GPAGM,2257,482839.940,184.70,0.23,0.80,0.01,-0.21,0.00,-0.0144,-0.0038,-1.0011,23.1690645,113.3363841,32.35,0.001,0.000,0.000,0.700,34,34,42,2,0,*4D
1681481226503298531,14488,1681481221027697086,gps,$GPAGM,2257,482839.950,184.70,0.23,0.80,0.04,0.21,0.02,-0.0133,0.0044,-1.0018,23.1690645,113.3363841,32.35,-0.000,0.000,0.000,0.700,34,34,42,2,0,*65
1681481226503652263,14489,1681481221028274059,gps,$GPAGM,2257,482839.960,184.70,0.23,0.80,-0.12,-0.17,0.01,-0.0144,-0.0045,-1.0011,23.1690645,113.3363841,32.35,0.001,0.000,0.000,0.700,34,34,42,2,0,*6E
1681481226534155760,14490,1681481221058676004,gps,$GPAGM,2257,482839.970,184.70,0.23,0.80,0.03,0.17,-0.00,-0.0151,0.0029,-1.0042,23.1690645,113.3363841,32.35,-0.000,0.000,0.000,0.700,34,34,42,2,0,*4A
1681481226534801861,14491,1681481221059335947,gps,$GPAGM,2257,482839.980,184.70,0.23,0.80,0.02,-0.09,0.01,-0.0134,-0.0009,-1.0008,23.1690645,113.3363841,32.35,0.000,0.000,0.000,0.700,34,34,42,2,0,*45
1681481226535347784,14492,1681481221059935092,gps,$GPAGM,2257,482839.990,184.70,0.23,0.80,-0.04,-0.06,0.02,-0.0166,0.0003,-1.0045,23.1690645,113.3363841,32.35,0.000,0.000,0.000,0.700,34,34,42,2,0,*4A
1681481226569495236,14493,1681481221093972921,gps,$GPAGM,2257,482840.000,184.70,0.23,0.80,0.00,0.18,0.03,-0.0163,0.0054,-1.0030,23.1690645,113.3363841,32.35,-0.000,0.000,0.000,0.700,34,34,42,2,0,*66
1681481226570809757,14494,1681481221095319986,gps,$GPAGM,2257,482840.010,184.70,0.23,0.80,-0.10,-0.33,0.01,-0.0161,-0.0018,-0.9989,23.1690645,113.3363841,32.35,0.002,0.000,0.000,0.700,34,34,42,2,0,*66
1681481226572035521,14495,1681481221096590042,gps,$GPAGM,2257,482840.020,184.70,0.23,0.80,0.04,0.17,0.01,-0.0182,0.0059,-1.0047,23.1690645,113.3363841,32.35,-0.000,0.000,0.000,0.708,34,34,42,1,0,*64
1681481226573332919,14496,1681481221097901105,gps,$GPAGM,2257,482840.030,184.70,0.23,0.80,0.00,-0.12,-0.01,-0.0153,0.0003,-0.9986,23.1690645,113.3363841,32.35,0.000,0.000,0.000,0.708,34,34,42,1,0,*46
1681481226601558342,14497,1681481221126064062,gps,$GPAGM,2257,482840.040,184.70,0.23,0.80,0.00,-0.12,-0.00,-0.0197,0.0023,-1.0023,23.1690645,113.3363841,32.35,0.001,0.000,0.000,0.708,34,34,42,1,0,*45
1681481226602313417,14498,1681481221126698017,gps,$GPAGM,2257,482840.050,184.70,0.23,0.80,-0.01,0.22,0.00,-0.0170,0.0057,-0.9998,23.1690645,113.3363841,32.35,-0.000,0.000,0.000,0.708,34,34,42,1,0,*4C
1681481226602756573,14499,1681481221127300977,gps,$GPAGM,2257,482840.060,184.70,0.23,0.80,-0.01,-0.17,-0.00,-0.0173,-0.0023,-0.9952,23.1690645,113.3363841,32.35,0.001,0.000,0.000,0.708,34,34,42,1,0,*4E
1681481226634839275,14500,1681481221159040927,gps,$GPAGM,2257,482840.070,184.70,0.23,0.80,0.09,0.20,0.00,-0.0175,0.0057,-1.0030,23.1690645,113.3363841,32.35,-0.000,0.000,0.000,0.708,34,34,42,1,0,*6F
1681481226638078429,14501,1681481221162444114,gps,$GPAGM,2257,482840.080,184.70,0.23,0.80,0.01,-0.14,-0.02,-0.0154,-0.0018,-0.9962,23.1690645,113.3363841,32.35,0.001,0.000,0.000,0.708,34,34,42,1,0,*62
1681481226641293889,14502,1681481221165621995,gps,$GPAGM,2257,482840.090,184.70,0.23,0.80,0.03,0.04,-0.02,-0.0178,0.0030,-1.0020,23.1690645,113.3363841,32.35,0.000,0.000,0.000,0.708,34,34,42,1,0,*62
1681481226669667263,14503,1681481221193694114,gps,$GPAGM,2257,482840.100,184.70,0.23,0.80,0.00,0.12,-0.03,-0.0133,0.0017,-0.9972,23.1690645,113.3363841,32.35,-0.000,0.000,0.000,0.708,34,34,42,1,0,*4E
1681481226672574457,14504,1681481221196759939,gps,$GPAGM,2257,482840.110,184.70,0.23,0.80,-0.00,-0.18,-0.01,-0.0159,-0.0021,-0.9971,23.1690645,113.3363841,32.35,0.001,0.000,0.000,0.708,34,34,42,1,0,*4C
1681481226675175910,14505,1681481221199630975,gps,$GPAGM,2257,482840.120,184.70,0.23,0.80,0.04,0.25,0.00,-0.0153,0.0034,-1.0018,23.1690645,113.3363841,32.35,-0.000,0.000,0.000,0.708,34,34,42,1,0,*68
1681481226678171585,14506,1681481221202552080,gps,$GPAGM,2257,482840.130,184.70,0.23,0.80,-0.04,-0.23,0.03,-0.0145,-0.0055,-0.9979,23.1690645,113.3363841,32.35,0.001,0.000,0.000,0.708,34,34,42,1,0,*6B
1681481226700920799,14507,1681481221225264072,gps,$GPAGM,2257,482840.140,184.70,0.23,0.80,0.02,0.11,0.01,-0.0158,0.0015,-1.0018,23.1690645,113.3363841,32.35,0.000,0.000,0.000,0.708,34,34,42,1,0,*4B
1681481226701363195,14508,1681481221225938081,gps,$GPAGM,2257,482840.150,184.70,0.23,0.80,0.01,0.07,0.00,-0.0132,-0.0031,-1.0015,23.1690645,113.3363841,32.35,0.000,0.000,0.000,0.708,34,34,42,1,0,*65
1681481226701993175,14509,1681481221226536035,gps,$GPAGM,2257,482840.160,184.70,0.23,0.80,0.01,-0.07,0.02,-0.0159,-0.0004,-1.0023,23.1690645,113.3363841,32.35,0.000,0.000,0.000,0.708,34,34,42,1,0,*47
1681481226732639157,14510,1681481221257129907,gps,$GPAGM,2257,482840.170,184.70,0.23,0.80,0.01,0.20,0.02,-0.0146,0.0025,-1.0025,23.1690645,113.3363841,32.35,-0.000,0.000,0.000,0.708,34,34,42,1,0,*65
1681481226733183361,14511,1681481221257761001,gps,$GPAGM,2257,482840.180,184.70,0.23,0.80,-0.07,-0.20,0.03,-0.0152,-0.0033,-1.0006,23.1690645,113.3363841,32.35,0.001,0.000,0.000,0.708,34,34,42,1,0,*6F
1681481226733795953,14512,1681481221258356094,gps,$GPAGM,2257,482840.190,184.70,0.23,0.80,0.04,0.19,0.01,-0.0145,0.0044,-1.0042,23.1690645,113.3363841,32.35,-0.000,0.000,0.000,0.708,34,34,42,1,0,*62
1681481226764637299,14513,1681481221289074897,gps,$GPAGM,2257,482840.200,184.70,0.23,0.80,-0.00,-0.17,0.04,-0.0144,-0.0011,-1.0011,23.1690645,113.3363841,32.35,0.001,0.000,0.000,0.708,34,34,42,1,0,*61
1681481226765652566,14514,1681481221290169954,gps,$GPAGM,2257,482840.210,184.70,0.23,0.80,-0.01,0.05,0.00,-0.0165,0.0025,-1.0018,23.1690645,113.3363841,32.35,0.000,0.000,0.000,0.708,34,34,42,1,0,*6A
1681481226766828603,14515,1681481221291328907,gps,$GPAGM,2257,482840.220,184.70,0.23,0.80,-0.01,0.10,0.02,-0.0150,0.0039,-1.0006,23.1690645,113.3363841,32.35,0.000,0.000,0.000,0.708,34,34,42,1,0,*6B
1681481226799723283,14516,1681481221323913097,gps,$GPAGM,2257,482840.230,184.70,0.23,0.80,-0.00,-0.31,0.01,-0.0159,-0.0021,-0.9996,23.1690645,113.3363841,32.35,0.001,0.000,0.000,0.708,34,34,42,1,0,*62
1681481226800294951,14517,1681481221324568986,gps,$GPAGM,2257,482840.240,184.70,0.23,0.80,0.06,0.24,-0.00,-0.0157,0.0064,-1.0023,23.1690645,113.3363841,32.35,-0.000,0.000,0.000,0.708,34,34,42,1,0,*4A
1681481226800655226,14518,1681481221325125932,gps,$GPAGM,2257,482840.250,184.70,0.23,0.80,-0.02,-0.14,-0.00,-0.0164,-0.0018,-0.9991,23.1690645,113.3363841,32.35,0.001,0.000,0.000,0.708,34,34,42,1,0,*4E
1681481226801134333,14519,1681481221325687885,gps,$GPAGM,2257,482840.260,184.70,0.22,0.80,0.01,-0.00,0.00,-0.0173,0.0040,-1.0015,23.1690645,113.3363841,32.35,0.000,0.000,0.000,0.708,34,34,42,1,0,*60
1681481226831518449,14520,1681481221356067895,gps,$GPAGM,2257,482840.270,184.70,0.23,0.80,0.03,0.13,-0.00,-0.0141,0.0012,-0.9979,23.1690645,113.3363841,32.35,-0.000,0.000,0.000,0.708,34,34,42,1,0,*40
1681481226832135521,14521,1681481221356699943,gps,$GPAGM,2257,482840.280,184.70,0.23,0.80,0.02,-0.13,0.00,-0.0161,-0.0018,-0.9996,23.1690645,113.3363841,32.35,0.001,0.000,0.000,0.708,34,34,42,1,0,*46
1681481226832760093,14522,1681481221357325077,gps,$GPAGM,2257,482840.290,184.70,0.23,0.80,0.05,0.23,-0.00,-0.0165,0.0042,-0.9994,23.1690645,113.3363841,32.35,-0.000,0.000,0.000,0.708,34,34,42,1,0,*4B
1681481226863434566,14523,1681481221387968063,gps,$GPAGM,2257,482840.300,184.70,0.23,0.80,-0.08,-0.19,-0.01,-0.0157,-0.0038,-0.9971,23.1690645,113.3363841,32.35,0.001,0.000,0.000,0.708,34,34,42,1,0,*40
1681481226864670900,14524,1681481221389127016,gps,$GPAGM,2257,482840.310,184.70,0.23,0.80,0.02,0.14,-0.00,-0.0173,0.0015,-1.0035,23.1690645,113.3363841,32.35,-0.000,0.000,0.000,0.708,34,34,42,1,0,*4E
1681481226865787025,14525,1681481221390290021,gps,$GPAGM,2257,482840.320,184.70,0.23,0.80,-0.00,-0.03,0.00,-0.0137,-0.0026,-0.9986,23.1690645,113.3363841,32.35,0.000,0.000,0.000,0.708,34,34,42,1,0,*6D
1681481226898867835,14526,1681481221423104047,gps,$GPAGM,2257,482840.330,184.70,0.22,0.80,0.03,-0.11,-0.00,-0.0174,-0.0021,-1.0030,23.1690645,113.3363841,32.35,0.000,0.000,0.000,0.708,34,34,42,1,0,*61
1681481226899431278,14527,1681481221423837900,gps,$GPAGM,2257,482840.340,184.70,0.23,0.80,0.01,0.27,0.01,-0.0160,0.0032,-1.0011,23.1690645,113.3363841,32.35,-0.000,0.000,0.000,0.708,34,34,42,1,0,*65
1681481226900165171,14528,1681481221424586057,gps,$GPAGM,2257,482840.350,184.70,0.23,0.80,-0.01,-0.24,0.02,-0.0154,-0.0043,-0.9984,23.1690645,113.3363841,32.35,0.001,0.000,0.000,0.708,34,34,42,1,0,*69
1681481226900705399,14529,1681481221425214052,gps,$GPAGM,2257,482840.360,184.70,0.23,0.80,0.03,0.19,0.00,-0.0168,0.0044,-1.0042,23.1690645,113.3363841,32.35,-0.000,0.000,0.000,0.708,34,34,42,1,0,*66
1681481226930465107,14530,1681481221455015897,gps,$GPAGM,2257,482840.370,184.70,0.23,0.80,-0.01,-0.06,0.03,-0.0144,-0.0028,-0.9969,23.1690645,113.3363841,32.35,0.000,0.000,0.000,0.708,34,34,42,1,0,*64
1681481226931081791,14531,1681481221455630064,gps,$GPAGM,2257,482840.380,184.70,0.22,0.80,0.01,0.00,0.01,-0.0183,0.0020,-1.0033,23.1690645,113.3363841,32.35,0.000,0.000,0.000,0.708,34,34,42,1,0,*4E
1681481226931627982,14532,1681481221456238985,gps,$GPAGM,2257,482840.390,184.70,0.23,0.80,-0.05,0.19,0.01,-0.0151,0.0022,-0.9986,23.1690645,113.3363841,32.35,-0.000,0.000,0.000,0.708,34,34,42,1,0,*40
1681481226965500509,14533,1681481221488965034,gps,$GPAGM,2257,482840.400,184.70,0.23,0.80,-0.03,-0.13,0.01,-0.0166,-0.0016,-0.9979,23.1690645,113.3363841,32.35,0.001,0.000,0.000,0.708,34,34,42,1,0,*6D
1681481226968531813,14534,1681481221492877960,gps,$GPAGM,2257,482840.410,184.70,0.23,0.80,0.05,0.19,0.02,-0.0160,0.0061,-1.0018,23.1690645,113.3363841,32.35,-0.000,0.000,0.000,0.708,34,34,42,1,0,*62
1681481226971905296,14535,1681481221496187925,gps,$GPAGM,2257,482840.420,184.70,0.23,0.80,-0.06,-0.18,0.01,-0.0154,-0.0021,-0.9998,23.1690645,113.3363841,32.35,0.001,0.000,0.000,0.708,34,34,42,1,0,*6B
1681481226995049701,14536,1681481221519301891,gps,$GPAGM,2257,482840.430,184.70,0.23,0.80,-0.05,0.14,-0.00,-0.0165,0.0047,-1.0016,23.1690645,113.3363841,32.35,-0.000,0.000,0.000,0.708,34,34,42,1,0,*60
1681481226999243143,14537,1681481221523332118,gps,$GPAGM,2257,482840.440,184.70,0.23,0.80,-0.00,0.05,0.00,-0.0134,0.0017,-1.0006,23.1690645,113.3363841,32.35,0.000,0.000,0.000,0.708,34,34,42,1,0,*62
1681481227002269270,14538,1681481221526561021,gps,$GPAGM,2257,482840.450,184.70,0.23,0.80,0.04,-0.19,-0.00,-0.0173,0.0008,-0.9996,23.1690645,113.3363841,32.35,0.001,0.000,0.000,0.708,34,34,42,1,0,*43
1681481227028900230,14539,1681481221553491115,gps,$GPAGM,2257,482840.460,184.70,0.23,0.80,0.03,0.20,-0.01,-0.0150,0.0056,-1.0016,23.1690645,113.3363841,32.35,-0.000,0.000,0.000,0.708,34,34,42,1,0,*4E
1681481227029471692,14540,1681481221554078102,gps,$GPAGM,2257,482840.470,184.70,0.23,0.80,-0.01,-0.20,-0.01,-0.0164,-0.0033,-0.9998,23.1690645,113.3363841,32.35,0.001,0.000,0.000,0.708,34,34,42,1,0,*4F
1681481227030115490,14541,1681481221554733991,gps,$GPAGM,2257,482840.480,184.70,0.23,0.80,0.07,0.17,0.01,-0.0155,0.0037,-1.0033,23.1690645,113.3363841,32.35,-0.000,0.000,0.000,0.708,34,34,42,1,0,*68
1681481227030656141,14542,1681481221555273056,gps,$GPAGM,2257,482840.490,184.70,0.23,0.80,-0.02,-0.00,-0.02,-0.0146,-0.0023,-1.0008,23.1690645,113.3363841,32.35,0.000,0.000,0.000,0.708,34,34,42,1,0,*4B
1681481227063456224,14543,1681481221587717056,gps,$GPAGM,2257,482840.500,184.70,0.23,0.80,0.03,-0.07,-0.01,-0.0173,0.0005,-1.0037,23.1690645,113.3363841,32.35,0.000,0.000,0.000,0.708,34,34,42,1,0,*48
1681481227066669801,14544,1681481221591051101,gps,$GPAGM,2257,482840.510,184.70,0.23,0.80,0.02,0.18,0.00,-0.0150,0.0034,-1.0008,23.1690645,113.3363841,32.35,-0.000,0.000,0.000,0.708,34,34,42,1,0,*65
1681481227069605322,14545,1681481221594077110,gps,$GPAGM,2257,482840.520,184.70,0.23,0.80,-0.07,-0.24,-0.02,-0.0152,-0.0040,-1.0015,23.1690645,113.3363841,32.35,0.001,0.000,0.000,0.708,34,34,42,1,0,*4F
1681481227095049726,14546,1681481221618952989,gps,$GPAGM,2257,482840.530,184.70,0.23,0.80,0.10,0.22,0.01,-0.0163,0.0039,-1.0033,23.1690645,113.3363841,32.35,-0.000,0.000,0.000,0.708,34,34,42,1,0,*69
1681481227098292171,14547,1681481221622503042,gps,$GPAGM,2257,482840.540,184.70,0.23,0.80,-0.03,-0.19,0.00,-0.0132,-0.0033,-0.9979,23.1690645,113.3363841,32.35,0.001,0.000,0.000,0.708,34,34,42,1,0,*65
1681481227101834015,14548,1681481221625977039,gps,$GPAGM,2257,482840.550,184.70,0.23,0.80,0.02,-0.00,0.00,-0.0176,0.0008,-1.0042,23.1690645,113.3363841,32.35,0.000,0.000,0.000,0.708,34,34,42,1,0,*6D
1681481227128026218,14549,1681481221652605056,gps,$GPAGM,2257,482840.560,184.70,0.23,0.80,-0.02,0.16,0.01,-0.0138,0.0022,-0.9986,23.1690645,113.3363841,32.35,-0.000,0.000,0.000,0.708,34,34,42,1,0,*4E
1681481227128621153,14550,1681481221653263092,gps,$GPAGM,2257,482840.570,184.70,0.23,0.80,-0.00,-0.25,0.01,-0.0164,-0.0033,-0.9991,23.1690645,113.3363841,32.35,0.001,0.000,0.000,0.708,34,34,42,1,0,*6E
1681481227129154422,14551,1681481221653800010,gps,$GPAGM,2257,482840.580,184.70,0.23,0.80,0.04,0.20,0.00,-0.0160,0.0049,-1.0050,23.1690645,113.3363841,32.35,-0.000,0.000,0.000,0.708,34,34,42,1,0,*65
1681481227129701498,14552,1681481221654340028,gps,$GPAGM,2257,482840.590,184.70,0.23,0.80,-0.06,-0.13,0.00,-0.0154,-0.0033,-0.9971,23.1690645,113.3363841,32.35,0.001,0.000,0.000,0.708,34,34,42,1,0,*6F
1681481227161187653,14553,1681481221685633897,gps,$GPAGM,2257,482840.600,184.70,0.23,0.80,0.01,0.04,0.01,-0.0178,0.0040,-1.0050,23.1690645,113.3363841,32.35,0.000,0.000,0.000,0.708,34,34,42,1,0,*41
1681481227162213440,14554,1681481221686736106,gps,$GPAGM,2257,482840.610,184.70,0.23,0.80,-0.03,0.08,0.04,-0.0138,0.0015,-0.9979,23.1690645,113.3363841,32.35,0.000,0.000,0.000,0.708,34,34,42,2,0,*6B
1681481227163231259,14555,1681481221687738895,gps,$GPAGM,2257,482840.620,184.70,0.23,0.80,0.02,-0.11,0.02,-0.0161,0.0000,-0.9991,23.1690645,113.3363841,32.35,0.001,0.000,0.000,0.708,34,34,42,2,0,*68
1681481227192175889,14556,1681481221716595888,gps,$GPAGM,2257,482840.630,184.70,0.23,0.80,0.01,0.19,-0.01,-0.0162,0.0057,-1.0025,23.1690645,113.3363841,32.35,-0.000,0.000,0.000,0.708,34,34,42,2,0,*42
1681481227192713258,14557,1681481221717175960,gps,$GPAGM,2257,482840.640,184.70,0.23,0.80,-0.06,-0.18,0.00,-0.0159,-0.0031,-0.9967,23.1690645,113.3363841,32.35,0.001,0.000,0.000,0.708,34,34,42,2,0,*61
1681481227193399430,14558,1681481221717818975,gps,$GPAGM,2257,482840.650,184.70,0.23,0.80,0.02,0.17,-0.00,-0.0170,0.0052,-1.0016,23.1690645,113.3363841,32.35,-0.000,0.000,0.000,0.708,34,34,42,2,0,*4E
1681481227223886701,14559,1681481221748406887,gps,$GPAGM,2257,482840.660,184.70,0.23,0.80,0.00,-0.08,0.00,-0.0142,-0.0023,-1.0008,23.1690645,113.3363841,32.35,0.000,0.000,0.000,0.708,34,34,42,2,0,*49
1681481227224299992,14560,1681481221748948097,gps,$GPAGM,2257,482840.670,184.70,0.23,0.80,0.01,0.00,-0.02,-0.0178,0.0023,-1.0020,23.1690645,113.3363841,32.35,0.000,0.000,0.000,0.708,34,34,42,2,0,*6D
1681481227224920007,14561,1681481221749511957,gps,$GPAGM,2257,482840.680,184.70,0.23,0.80,-0.01,0.09,-0.00,-0.0150,0.0034,-1.0011,23.1690645,113.3363841,32.35,0.000,0.000,0.000,0.708,34,34,42,2,0,*4A
1681481227259372717,14562,1681481221783888101,gps,$GPAGM,2257,482840.690,184.70,0.23,0.80,-0.03,-0.21,-0.00,-0.0166,-0.0023,-1.0001,23.1690645,113.3363841,32.35,0.001,0.000,0.000,0.708,34,34,42,2,0,*40
1681481227260276334,14563,1681481221784845113,gps,$GPAGM,2257,482840.700,184.70,0.23,0.80,0.10,0.19,-0.00,-0.0153,0.0042,-1.0016,23.1690645,113.3363841,32.35,-0.000,0.000,0.000,0.708,34,34,42,2,0,*47
1681481227261204431,14564,1681481221785815000,gps,$GPAGM,2257,482840.710,184.70,0.23,0.80,-0.02,-0.15,-0.00,-0.0147,-0.0031,-0.9998,23.1690645,113.3363841,32.35,0.001,0.000,0.000,0.708,34,34,42,2,0,*4E
1681481227262256108,14565,1681481221786792993,gps,$GPAGM,2257,482840.720,184.70,0.23,0.80,0.05,0.06,0.02,-0.0180,0.0008,-1.0015,23.1690645,113.3363841,32.35,0.000,0.000,0.000,0.708,34,34,42,2,0,*4E
1681481227291925641,14566,1681481221816273927,gps,$GPAGM,2257,482840.730,184.70,0.23,0.80,-0.05,0.09,0.00,-0.0136,0.0010,-0.9974,23.1690645,113.3363841,32.35,0.000,0.000,0.000,0.708,34,34,42,2,0,*6D
1681481227292581871,14567,1681481221817033052,gps,$GPAGM,2257,482840.740,184.70,0.23,0.80,-0.02,-0.26,0.05,-0.0169,-0.0035,-1.0013,23.1690645,113.3363841,32.35,0.001,0.000,0.000,0.708,34,34,42,2,0,*69
1681481227293225073,14568,1681481221817641019,gps,$GPAGM,2257,482840.750,184.70,0.23,0.80,0.06,0.24,0.04,-0.0155,0.0049,-1.0020,23.1690645,113.3363841,32.35,-0.000,0.000,0.000,0.708,34,34,42,2,0,*6A
1681481227323325656,14569,1681481221847603082,gps,$GPAGM,2257,482840.760,184.70,0.23,0.80,-0.08,-0.25,0.01,-0.0152,-0.0033,-0.9986,23.1690645,113.3363841,32.35,0.001,0.000,0.000,0.708,34,34,42,2,0,*65
1681481227323724724,14570,1681481221848252058,gps,$GPAGM,2257,482840.770,184.70,0.23,0.80,0.02,0.10,0.02,-0.0170,0.0035,-1.0055,23.1690645,113.3363841,32.35,0.000,0.000,0.000,0.708,34,34,42,2,0,*4E
1681481227324304784,14571,1681481221848884105,gps,$GPAGM,2257,482840.780,184.70,0.23,0.80,0.03,0.02,0.02,-0.0139,-0.0001,-0.9979,23.1690645,113.3363841,32.35,0.000,0.000,0.000,0.708,34,34,42,2,0,*6B
1681481227359770388,14572,1681481221884001970,gps,$GPAGM,2257,482840.790,184.70,0.23,0.80,0.00,-0.11,0.04,-0.0161,0.0003,-1.0015,23.1690645,113.3363841,32.35,0.001,0.000,0.000,0.708,34,34,42,2,0,*68
1681481227362825126,14573,1681481221887300014,gps,$GPAGM,2257,482840.800,184.70,0.23,0.80,0.03,0.24,0.01,-0.0160,0.0054,-1.0018,23.1690645,113.3363841,32.35,-0.000,0.000,0.000,0.708,34,34,42,2,0,*61
1681481227366005979,14574,1681481221890407085,gps,$GPAGM,2257,482840.810,184.70,0.23,0.80,-0.03,-0.22,0.00,-0.0149,-0.0023,-0.9964,23.1690645,113.3363841,32.35,0.001,0.000,0.000,0.708,34,34,42,2,0,*67
1681481227368926105,14575,1681481221893383979,gps,$GPAGM,2257,482840.820,184.70,0.23,0.80,0.04,0.15,0.00,-0.0170,0.0047,-1.0047,23.1690645,113.3363841,32.35,-0.000,0.000,0.000,0.708,34,34,42,2,0,*6E
1681481227393872410,14576,1681481221917901039,gps,$GPAGM,2257,482840.830,184.70,0.23,0.80,-0.01,-0.00,0.00,-0.0134,-0.0014,-0.9979,23.1690645,113.3363841,32.35,0.000,0.000,0.000,0.708,34,34,42,2,0,*64
1681481227397640153,14577,1681481221921931982,gps,$GPAGM,2257,482840.840,184.70,0.22,0.80,0.01,-0.03,0.00,-0.0180,0.0020,-1.0018,23.1690645,113.3363841,32.35,0.000,0.000,0.000,0.708,34,34,42,2,0,*6F
1681481227400807105,14578,1681481221925231933,gps,$GPAGM,2257,482840.850,184.70,0.23,0.80,-0.04,0.17,-0.01,-0.0150,0.0047,-1.0030,23.1690645,113.3363841,32.35,-0.000,0.000,0.000,0.708,34,34,42,2,0,*68
1681481227422138844,14579,1681481221946624040,gps,$GPAGM,2257,482840.860,184.70,0.23,0.80,-0.04,-0.21,-0.00,-0.0166,-0.0021,-0.9991,23.1690645,113.3363841,32.35,0.001,0.000,0.000,0.708,34,34,42,2,0,*4C
1681481227422676596,14580,1681481221947196006,gps,$GPAGM,2257,482840.870,184.70,0.23,0.80,0.10,0.19,-0.00,-0.0153,0.0054,-1.0038,23.1690645,113.3363841,32.35,-0.000,0.000,0.000,0.708,34,34,42,2,0,*44
1681481227423221583,14581,1681481221947751045,gps,$GPAGM,2257,482840.880,184.70,0.23,0.80,-0.00,-0.11,0.00,-0.0147,-0.0031,-0.9991,23.1690645,113.3363841,32.35,0.000,0.000,0.000,0.708,34,34,42,2,0,*6B
1681481227453771424,14582,1681481221978332996,gps,$GPAGM,2257,482840.890,184.70,0.23,0.80,0.06,0.06,-0.00,-0.0175,0.0027,-1.0015,23.1690645,113.3363841,32.35,0.000,0.000,0.000,0.708,34,34,42,2,0,*61
1681481227454442103,14583,1681481221979144096,gps,$GPAGM,2257,482840.900,184.70,0.23,0.80,-0.04,0.08,0.00,-0.0139,0.0002,-0.9984,23.1690645,113.3363841,32.35,0.000,0.000,0.000,0.708,34,34,42,2,0,*63
1681481227455176572,14584,1681481221979873895,gps,$GPAGM,2257,482840.910,184.70,0.23,0.80,0.01,-0.14,-0.02,-0.0164,-0.0026,-0.9996,23.1690645,113.3363841,32.35,0.001,0.000,0.000,0.708,34,34,42,2,0,*64
1681481227489610238,14585,1681481222013746023,gps,$GPAGM,2257,482840.920,184.70,0.23,0.80,0.08,0.18,0.01,-0.0148,0.0037,-1.0011,23.1690645,113.3363841,32.35,-0.000,0.000,0.000,0.708,34,34,42,2,0,*60
1681481227492202177,14586,1681481222016412973,gps,$GPAGM,2257,482840.930,184.70,0.23,0.80,-0.06,-0.20,-0.00,-0.0154,-0.0043,-1.0006,23.1690645,113.3363841,32.35,0.001,0.000,0.000,0.708,34,34,42,2,0,*41
1681481227492962579,14587,1681481222017421960,gps,$GPAGM,2257,482840.940,184.70,0.23,0.80,0.07,0.12,-0.00,-0.0165,0.0027,-1.0037,23.1690645,113.3363841,32.35,-0.000,0.000,0.000,0.708,34,34,42,2,0,*45
1681481227493386445,14588,1681481222017955064,gps,$GPAGM,2257,482840.950,184.70,0.23,0.80,0.01,0.01,0.01,-0.0132,-0.0011,-0.9991,23.1690645,113.3363841,32.35,0.000,0.000,0.000,0.708,34,34,42,2,0,*66
1681481227521454535,14589,1681481222045761108,gps,$GPAGM,2257,482840.960,184.70,0.23,0.80,0.00,-0.13,0.01,-0.0166,-0.0006,-1.0023,23.1690645,113.3363841,32.35,0.001,0.000,0.000,0.708,34,34,42,2,0,*44
1681481227522021577,14590,1681481222046336889,gps,$GPAGM,2257,482840.970,184.70,0.23,0.80,0.07,0.20,-0.01,-0.0150,0.0042,-1.0008,23.1690645,113.3363841,32.35,-0.000,0.000,0.000,0.708,34,34,42,2,0,*4F
1681481227522506237,14591,1681481222046890020,gps,$GPAGM,2257,482840.980,184.70,0.23,0.80,-0.06,-0.24,0.01,-0.0164,-0.0033,-0.9986,23.1690645,113.3363841,32.35,0.001,0.000,0.000,0.708,34,34,42,2,0,*6F
1681481227555206295,14592,1681481222079515933,gps,$GPAGM,2257,482840.990,184.70,0.23,0.80,0.04,0.20,0.00,-0.0168,0.0047,-1.0025,23.1690645,113.3363841,32.35,-0.000,0.000,0.000,0.708,34,34,42,2,0,*6F
1681481227558665278,14593,1681481222082835912,gps,$GPAGM,2257,482841.000,184.70,0.23,0.80,-0.05,-0.08,-0.00,-0.0149,-0.0021,-0.9967,23.1690645,113.3363841,32.35,0.000,0.000,0.000,0.708,34,34,42,2,0,*4C
1681481227561600718,14594,1681481222086092948,gps,$GPAGM,2257,482841.010,184.70,0.22,0.80,0.03,-0.03,0.01,-0.0178,0.0013,-1.0030,23.1690645,113.3363841,32.35,0.000,0.000,0.000,0.708,34,34,42,2,0,*6D
1681481227589364080,14595,1681481222113245964,gps,$GPAGM,2257,482841.020,184.70,0.23,0.80,-0.02,0.18,0.02,-0.0153,0.0039,-0.9994,23.1690645,113.3363841,32.35,-0.000,0.000,0.000,0.709,34,34,42,1,0,*46
1681481227592426521,14596,1681481222116767883,gps,$GPAGM,2257,482841.030,184.70,0.23,0.80,-0.05,-0.19,0.01,-0.0161,-0.0023,-0.9979,23.1690645,113.3363841,32.35,0.001,0.000,0.000,0.709,34,34,42,1,0,*67
1681481227595676413,14597,1681481222119900941,gps,$GPAGM,2257,482841.040,184.70,0.23,0.80,0.07,0.21,0.00,-0.0157,0.0061,-1.0030,23.1690645,113.3363841,32.35,-0.000,0.000,0.000,0.709,34,34,42,1,0,*66
1681481227598919575,14598,1681481222123145103,gps,$GPAGM,2257,482841.050,184.70,0.23,0.80,-0.02,-0.13,-0.03,-0.0142,-0.0026,-0.9976,23.1690645,113.3363841,32.35,0.000,0.000,0.000,0.709,34,34,42,1,0,*49
1681481227620628669,14599,1681481222144977092,gps,$GPAGM,2257,482841.060,184.70,0.23,0.80,0.01,0.05,0.00,-0.0180,0.0035,-1.0040,23.1690645,113.3363841,32.35,0.000,0.000,0.000,0.709,34,34,42,1,0,*45
1681481227620992248,14600,1681481222145596981,gps,$GPAGM,2257,482841.070,184.70,0.23,0.80,-0.03,0.13,0.00,-0.0136,0.0012,-0.9962,23.1690645,113.3363841,32.35,-0.000,0.000,0.000,0.709,34,34,42,1,0,*48
1681481227621789585,14601,1681481222146174907,gps,$GPAGM,2257,482841.080,184.70,0.23,0.80,0.05,-0.17,0.01,-0.0164,-0.0016,-0.9996,23.1690645,113.3363841,32.35,0.001,0.000,0.000,0.709,34,34,42,1,0,*4D
1681481227653497004,14602,1681481222177829027,gps,$GPAGM,2257,482841.090,184.70,0.23,0.80,0.09,0.20,0.00,-0.0153,0.0044,-1.0025,23.1690645,113.3363841,32.35,-0.000,0.000,0.000,0.709,34,34,42,1,0,*63
1681481227656534488,14603,1681481222180829048,gps,$GPAGM,2257,482841.100,184.70,0.23,0.80,-0.07,-0.21,0.00,-0.0157,-0.0038,-1.0003,23.1690645,113.3363841,32.35,0.001,0.000,0.000,0.709,34,34,42,1,0,*6E
1681481227659305829,14604,1681481222183635950,gps,$GPAGM,2257,482841.110,184.70,0.23,0.80,0.00,0.12,-0.00,-0.0178,0.0035,-1.0040,23.1690645,113.3363841,32.35,-0.000,0.000,0.000,0.709,34,34,42,1,0,*43
1681481227685311780,14605,1681481222209423065,gps,$GPAGM,2257,482841.120,184.70,0.23,0.80,0.01,-0.00,0.01,-0.0129,-0.0014,-0.9981,23.1690645,113.3363841,32.35,0.000,0.000,0.000,0.709,34,34,42,1,0,*48
1681481227688917698,14606,1681481222212922096,gps,$GPAGM,2257,482841.130,184.70,0.23,0.80,0.04,-0.09,0.02,-0.0163,0.0000,-1.0025,23.1690645,113.3363841,32.35,0.000,0.000,0.000,0.709,34,34,42,1,0,*6F
1681481227692349443,14607,1681481222216298103,gps,$GPAGM,2257,482841.140,184.70,0.23,0.80,0.03,0.18,0.00,-0.0145,0.0042,-1.0020,23.1690645,113.3363841,32.35,-0.000,0.000,0.000,0.709,34,34,42,1,0,*6A
1681481227719219289,14608,1681481222243662118,gps,$GPAGM,2257,482841.150,184.70,0.23,0.80,-0.08,-0.20,0.02,-0.0159,-0.0035,-0.9984,23.1690645,113.3363841,32.35,0.001,0.000,0.000,0.709,34,34,42,1,0,*6A
1681481227719878717,14609,1681481222244292974,gps,$GPAGM,2257,482841.160,184.70,0.23,0.80,0.08,0.21,-0.00,-0.0150,0.0044,-1.0040,23.1690645,113.3363841,32.35,-0.000,0.000,0.000,0.709,34,34,42,1,0,*40
1681481227720296356,14610,1681481222244818925,gps,$GPAGM,2257,482841.170,184.70,0.23,0.80,-0.02,-0.11,0.01,-0.0139,-0.0036,-0.9994,23.1690645,113.3363841,32.35,0.001,0.000,0.000,0.709,34,34,42,1,0,*67
1681481227720852086,14611,1681481222245322942,gps,$GPAGM,2257,482841.180,184.70,0.23,0.80,0.04,0.04,0.01,-0.0168,0.0022,-1.0030,23.1690645,113.3363841,32.35,0.000,0.000,0.000,0.709,34,34,42,1,0,*48
1681481227751582186,14612,1681481222276122093,gps,$GPAGM,2257,482841.190,184.70,0.23,0.80,-0.02,0.06,-0.00,-0.0156,0.0027,-1.0008,23.1690645,113.3363841,32.35,0.000,0.000,0.000,0.709,34,34,42,1,0,*4F
1681481227752292807,14613,1681481222276979923,gps,$GPAGM,2257,482841.200,184.70,0.23,0.80,0.00,-0.20,0.02,-0.0159,-0.0009,-1.0008,23.1690645,113.3363841,32.35,0.001,0.000,0.000,0.709,34,34,42,1,0,*43
1681481227753098471,14614,1681481222277769088,gps,$GPAGM,2257,482841.210,184.70,0.23,0.80,0.04,0.20,-0.00,-0.0160,0.0057,-1.0040,23.1690645,113.3363841,32.35,-0.000,0.000,0.000,0.709,34,34,42,1,0,*48
1681481227783964207,14615,1681481222308384895,gps,$GPAGM,2257,482841.220,184.70,0.23,0.80,-0.04,-0.20,0.00,-0.0154,-0.0031,-0.9998,23.1690645,113.3363841,32.35,0.001,0.000,0.000,0.709,34,34,42,1,0,*64
1681481227786638109,14616,1681481222310668945,gps,$GPAGM,2257,482841.230,184.70,0.23,0.80,0.02,0.08,-0.00,-0.0170,0.0040,-1.0013,23.1690645,113.3363841,32.35,0.000,0.000,0.000,0.709,34,34,42,1,0,*6A
1681481227788922035,14617,1681481222313271999,gps,$GPAGM,2257,482841.240,184.70,0.23,0.80,-0.03,0.07,0.00,-0.0136,0.0010,-0.9979,23.1690645,113.3363841,32.35,0.000,0.000,0.000,0.709,34,34,42,1,0,*69
1681481227818266722,14618,1681481222342749118,gps,$GPAGM,2257,482841.250,184.70,0.23,0.80,-0.00,-0.16,0.00,-0.0168,-0.0013,-0.9996,23.1690645,113.3363841,32.35,0.001,0.000,0.000,0.709,34,34,42,1,0,*63
1681481227818840712,14619,1681481222343405008,gps,$GPAGM,2257,482841.260,184.70,0.23,0.80,0.07,0.30,-0.00,-0.0155,0.0052,-0.9998,23.1690645,113.3363841,32.35,-0.000,0.000,0.000,0.709,34,34,42,1,0,*4A
1681481227819621780,14620,1681481222344022989,gps,$GPAGM,2257,482841.270,184.70,0.23,0.80,-0.08,-0.24,-0.00,-0.0164,-0.0040,-0.9974,23.1690645,113.3363841,32.35,0.001,0.000,0.000,0.709,34,34,42,1,0,*43
1681481227819977141,14621,1681481222344599962,gps,$GPAGM,2257,482841.280,184.70,0.23,0.80,0.02,0.18,0.00,-0.0175,0.0040,-1.0040,23.1690645,113.3363841,32.35,-0.000,0.000,0.000,0.709,34,34,42,1,0,*63
