0.033361
0.033360
0.044481
0.044481
0.044480
0.044480
0.055601
0.066721
0.044481
0.044480
0.044480
0.055601
0.055600
0.066722
0.066721
0.066721
0.055601
0.066721
0.055601
0.077841
0.077842
0.055601
0.044481
0.055601
0.055600
0.044481
0.044481
0.033361
0.044481
0.044480
0.044481
0.044481
0.055601
0.044480
0.055601
0.044480
0.077842
0.066721
0.111202
0.055601
0.100081
0.077842
0.077841
0.066721
0.088962
0.066721
0.066721
0.066721
0.077842
0.066721
0.088961
0.077842
0.088961
0.088962
0.133442
0.122322
0.088961
0.088962
0.133443
0.100081
0.100081
0.088962
0.111202
0.100082
0.100081
0.111202
0.100082
0.100082
0.111202
0.133442
0.155683
0.144562
0.144562
0.122322
0.111202
0.144563
0.111202
0.122322
0.122322
0.133442
0.122321
0.122322
0.122322
0.133442
0.133443
0.133442
0.133442
0.133442
0.144563
0.177923
0.155683
0.166803
0.166803
0.166802
0.144562
0.144563
0.166802
0.144562
0.155683
0.155683
0.166803
0.155682
0.155682
0.155683
0.166803
0.200163
0.189043
0.244644
0.211283
0.189043
0.211283
0.177923
0.189043
0.177923
0.189043
0.189043
0.189043
0.189043
0.189043
0.200163
0.189043
0.200163
0.222404
0.200163
0.244644
0.266885
0.255764
0.244644
0.211284
0.233524
0.222404
0.222404
0.211283
0.211283
0.211283
0.222404
0.211284
0.222404
0.211283
0.222403
0.233524
0.222404
0.266884
0.300245
0.278004
0.244644
0.255764
0.222403
0.255764
0.222404
0.222403
0.222404
0.222404
0.222403
0.222404
0.222403
0.233524
0.222404
0.278004
0.322485
0.289124
0.266884
0.278005
0.222404
0.244644
0.222403
0.222403
0.222403
0.233524
0.222403
0.222403
0.222403
0.222403
0.222404
0.233524
0.389206
0.344726
0.289124
0.222404
0.222404
0.255764
0.222403
0.222403
0.222404
0.233524
0.222404
0.222404
0.222404
0.222404
0.211284
0.211284
0.211283
0.244644
0.322485
0.289125
0.266884
0.233523
0.211283
0.233523
0.211283
0.211283
0.211284
0.211283
0.211283
0.200163
0.211283
0.200163
0.200164
0.222404
0.222403
0.266884
0.289125
0.200163
0.255764
0.189044
0.211283
0.189043
0.177923
0.189043
0.177922
0.177923
0.189043
0.177923
0.177923
0.177923
0.211283
0.200163
0.211284
0.244644
0.166803
0.166803
0.200163
0.166802
0.155683
0.177923
0.155683
0.155683
0.155683
0.155682
0.144562
0.155683
0.144562
0.200164
0.177923
0.222403
0.155683
0.155682
0.211284
0.133442
0.122322
0.144562
0.133443
0.133442
0.122322
0.133442
0.122322
0.133442
0.122322
0.122322
0.111202
0.166803
0.155683
0.122322
0.144562
0.122322
0.122322
0.100081
0.122322
0.100081
0.111201
0.100081
0.100082
0.088962
0.100081
0.088962
0.100082
0.100081
0.088962
0.077841
0.100082
0.100082
0.066721
0.055601
0.055601
0.055601
0.044481
0.033360
0.033360
0.033361
0.033360
0.022240
0.022241
0.011120
0.011120
0.000000
-0.011120
-0.011120
-0.022240
-0.033361
-0.033360
-0.033361
-0.044481
-0.044480
-0.044481
-0.044481
-0.044481
-0.055601
-0.066721
-0.066721
-0.077842
-0.077841
-0.077841
-0.100081
-0.077842
-0.122322
-0.100082
-0.088961
-0.111202
-0.100082
-0.100082
-0.100081
-0.111201
-0.111201
-0.111201
-0.122321
-0.111201
-0.111202
-0.144562
-0.122322
-0.189043
-0.155683
-0.133442
-0.133442
-0.133442
-0.133442
-0.133442
-0.133442
-0.133442
-0.133442
-0.133442
-0.133442
-0.144563
-0.133442
-0.133443
-0.155682
-0.211283
-0.155683
-0.177923
-0.255764
-0.155683
-0.155683
-0.144562
-0.144563
-0.144562
-0.144562
-0.144562
-0.144562
-0.144563
-0.144562
-0.144563
-0.155683
-0.233524
-0.222404
-0.144562
-0.222403
-0.177923
-0.155682
-0.166802
-0.155683
-0.155683
-0.144562
-0.144563
-0.144562
-0.144562
-0.155683
-0.155682
-0.189043
-0.255764
-0.200163
-0.166802
-0.166802
-0.189043
-0.155682
-0.155682
-0.155683
-0.144562
-0.144562
-0.144563
-0.144562
-0.144562
-0.144563
-0.144562
-0.144562
-0.144563
-0.189043
-0.166803
-0.166803
-0.189043
-0.189044
-0.155682
-0.166802
-0.155683
-0.144563
-0.155682
-0.155682
-0.144563
-0.155683
-0.155683
-0.155682
-0.155682
-0.166803
-0.233524
-0.244644
-0.211283
-0.177923
-0.211284
-0.166803
-0.155683
-0.177923
-0.155683
-0.166803
-0.166803
-0.166803
-0.166803
-0.166803
-0.166803
-0.166803
-0.266885
-0.200163
-0.222404
-0.255764
-0.200163
-0.244644
-0.189043
-0.189043
-0.189043
-0.189043
-0.200163
-0.200163
-0.200163
-0.200163
-0.211284
-0.200163
-0.200163
-0.233523
-0.244644
-0.322486
-0.344725
-0.255764
-0.233524
-0.233523
-0.244644
-0.233524
-0.233524
-0.244643
-0.244644
-0.244644
-0.244644
-0.244644
-0.255764
-0.255764
-0.255764
-0.400327
-0.289125
-0.255764
-0.289125
-0.300245
-0.266884
-0.300244
-0.278004
-0.266884
-0.278004
-0.266884
-0.278005
-0.278005
-0.278005
-0.278005
-0.278005
-0.378087
-0.344726
-0.311365
-0.344726
-0.378086
-0.289125
-0.322485
-0.278004
-0.289124
-0.278004
-0.278004
-0.289124
-0.278004
-0.278004
-0.278004
-0.278004
-0.344726
-0.311365
-0.333605
-0.400327
-0.311365
-0.344726
-0.278005
-0.289125
-0.278005
-0.278005
-0.266885
-0.278005
-0.266884
-0.278004
-0.278004
-0.278004
-0.278004
-0.300245
-0.366966
-0.411447
-0.366966
-0.311365
-0.278004
-0.278004
-0.278004
-0.278004
-0.289125
-0.289125
-0.278005
-0.289125
-0.289125
-0.278005
-0.344726
-0.289125
-0.344725
-0.311365
-0.289125
-0.322485
-0.289125
-0.311365
-0.289124
-0.289124
-0.289125
-0.289125
-0.289125
-0.289125
-0.289124
-0.289124
-0.289125
-0.322485
-0.289124
-0.355846
-0.289125
-0.355846
-0.378086
-0.322485
-0.322485
-0.289124
-0.289125
-0.289125
-0.289125
-0.300245
-0.300244
-0.289125
-0.289125
-0.289125
-0.455928
-0.355846
-0.366965
-0.389206
-0.355846
-0.300245
-0.333606
-0.300245
-0.333606
-0.300245
-0.289124
-0.300245
-0.300245
-0.300244
-0.300245
-0.300245
-0.366966
-0.378086
-0.400326
-0.300245
-0.378086
-0.400326
-0.311365
-0.300245
-0.311365
-0.300245
-0.311365
-0.311365
-0.311365
-0.311365
-0.311365
-0.311365
-0.311365
-0.311365
-0.378086
-0.455927
-0.422566
-0.378086
-0.355845
-0.311365
-0.311365
-0.311365
-0.311365
-0.311365
-0.311365
-0.311365
-0.311365
-0.311365
-0.311365
-0.311365
-0.522649
-0.455927
-0.355846
-0.389206
-0.389206
-0.322486
-0.322485
-0.311365
-0.311365
-0.322485
-0.311365
-0.311365
-0.322485
-0.311365
-0.311365
-0.311365
-0.311365
-0.422567
-0.489287
-0.378086
-0.344725
-0.355846
-0.311365
-0.322485
-0.344725
-0.311365
-0.311365
-0.311365
-0.311365
-0.322485
-0.311365
-0.311365
-0.311365
-0.355846
-0.378086
-0.422567
-0.378086
-0.344726
-0.389207
-0.378086
-0.311365
-0.300245
-0.311365
-0.311365
-0.311365
-0.300245
-0.311365
-0.300245
-0.311365
-0.300245
-0.311365
-0.333605
-0.378086
-0.366966
-0.366966
-0.333605
-0.344725
-0.300245
-0.289125
-0.300245
-0.300244
-0.300245
-0.289125
-0.300244
-0.289125
-0.300245
-0.289125
-0.355845
-0.455927
-0.322485
-0.355846
-0.355845
-0.344725
-0.289125
-0.278005
-0.289125
-0.278005
-0.289125
-0.278005
-0.278005
-0.278005
-0.278005
-0.278005
-0.278005
-0.278005
-0.433687
-0.300245
-0.300245
-0.333605
-0.333605
-0.278005
-0.278005
-0.266885
-0.266884
-0.278004
-0.278004
-0.278004
-0.278005
-0.278005
-0.278005
-0.455927
-0.366965
-0.300245
-0.355845
-0.322485
-0.333605
-0.300244
-0.266884
-0.266884
-0.255764
-0.266884
-0.255764
-0.266885
-0.266884
-0.266884
-0.266884
-0.266885
-0.300245
-0.322486
-0.422567
-0.333606
-0.278004
-0.278005
-0.300245
-0.300244
-0.278004
-0.278004
-0.266884
-0.278004
-0.278004
-0.278005
-0.278005
-0.300245
-0.311365
-0.433687
-0.400326
-0.344725
-0.344725
-0.289124
-0.289124
-0.311365
-0.278005
-0.278005
-0.289125
-0.278004
-0.289124
-0.289124
-0.278004
-0.289124
-0.311365
-0.322486
-0.289125
-0.355846
-0.322486
-0.389206
-0.322485
-0.289125
-0.289125
-0.289125
-0.300245
-0.300244
-0.289125
-0.289125
-0.289125
-0.289125
-0.300244
-0.289125
-0.300245
-0.333605
-0.355845
-0.333605
-0.355846
-0.300245
-0.333606
-0.322486
-0.300245
-0.300245
-0.300245
-0.289125
-0.300245
-0.289124
-0.300245
-0.289125
-0.300245
-0.322485
-0.389207
-0.322485
-0.389206
-0.322485
-0.355846
-0.289125
-0.289125
-0.289124
-0.289124
-0.289124
-0.289125
-0.289125
-0.289125
-0.289125
-0.289125
-0.344726
-0.433687
-0.333605
-0.278004
-0.300245
-0.266884
-0.278004
-0.255764
-0.244644
-0.244644
-0.233524
-0.222404
-0.211284
-0.211283
-0.211283
-0.200164
-0.189043
-0.189043
-0.355845
-0.166802
-0.177923
-0.244644
-0.222403
-0.155683
-0.166802
-0.166803
-0.166803
-0.155683
-0.155682
-0.155682
-0.144563
-0.144562
-0.155682
-0.155682
-0.155683
-0.189043
-0.200164
-0.177923
-0.211283
-0.177922
-0.200163
-0.177923
-0.166803
-0.155683
-0.144562
-0.166803
-0.166802
-0.155682
-0.155683
-0.155683
-0.155683
-0.166803
-0.166803
-0.200163
-0.300245
-0.200164
-0.211283
-0.211283
-0.166802
-0.177922
-0.177923
-0.189043
-0.189043
-0.200163
-0.200163
-0.189043
-0.200163
-0.200163
-0.244644
-0.289125
-0.300244
-0.333605
-0.311365
-0.244644
-0.222404
-0.222404
-0.222404
-0.222404
-0.222404
-0.222404
-0.233524
-0.233524
-0.233524
-0.233524
-0.289125
-0.311365
-0.333606
-0.311365
-0.255764
-0.311365
-0.233523
-0.233524
-0.244644
-0.244644
-0.244643
-0.233524
-0.233524
-0.233524
-0.233523
-0.233524
-0.289125
-0.266884
-0.278004
-0.411447
-0.300245
-0.311365
-0.255764
-0.255764
-0.255764
-0.255765
-0.255764
-0.255764
-0.255765
-0.266884
-0.266884
-0.255764
-0.266884
-0.322485
-0.378086
-0.444807
-0.300245
-0.278005
-0.266884
-0.266884
-0.278004
-0.278005
-0.278005
-0.278005
-0.266884
-0.266884
-0.278004
-0.278004
-0.266884
-0.278005
-0.300245
-0.366966
-0.400327
-0.311365
-0.344725
-0.278005
-0.278005
-0.278005
-0.289125
-0.289125
-0.278004
-0.289124
-0.289124
-0.289125
-0.289125
-0.289125
-0.389206
-0.355846
-0.355846
-0.355845
-0.289125
-0.355845
-0.300245
-0.322485
-0.289125
-0.289125
-0.300245
-0.289124
-0.300245
-0.300245
-0.289125
-0.300244
-0.289125
-0.389206
-0.322486
-0.289125
-0.389207
-0.322485
-0.355845
-0.289125
-0.289125
-0.289125
-0.289124
-0.289124
-0.289125
-0.278005
-0.289125
-0.289125
-0.289125
-0.289125
-0.389207
-0.344726
-0.378086
-0.278004
-0.344725
-0.278004
-0.278005
-0.278005
-0.289125
-0.278005
-0.278005
-0.278005
-0.278004
-0.278004
-0.278004
-0.266884
-0.278004
-0.300245
-0.300245
-0.389206
-0.355846
-0.355846
-0.266885
-0.266884
-0.266884
-0.255764
-0.266885
-0.255764
-0.255764
-0.266885
-0.266884
-0.266884
-0.266885
-0.266884
-0.289124
-0.344726
-0.366965
-0.278004
-0.278004
-0.278004
-0.278004
-0.255764
-0.244644
-0.244644
-0.244644
-0.244644
-0.255764
-0.244644
-0.244644
-0.244643
-0.244644
-0.289125
-0.244644
-0.244644
-0.344726
-0.266885
-0.300245
-0.266884
-0.233524
-0.244644
-0.244644
-0.233523
-0.233524
-0.244644
-0.233524
-0.233523
-0.233523
-0.255764
-0.311365
-0.278005
-0.333605
-0.278004
-0.233524
-0.233524
-0.233524
-0.233524
-0.222404
-0.222404
-0.233524
-0.222404
-0.222404
-0.222404
-0.222404
-0.222404
-0.244644
-0.333605
-0.233523
-0.233524
-0.311365
-0.233524
-0.211283
-0.211283
-0.211284
-0.200163
-0.200163
-0.200164
-0.200163
-0.189043
-0.189043
-0.189043
-0.278004
-0.278004
-0.211283
-0.189043
-0.177923
-0.177923
-0.155683
-0.144562
-0.144562
-0.155683
-0.144562
-0.133443
-0.122322
-0.111202
-0.111202
-0.111202
-0.122322
-0.200163
-0.122322
-0.100081
-0.077841
-0.077841
-0.077842
-0.077841
-0.066721
-0.066721
-0.066721
-0.055601
-0.055601
-0.055601
-0.044481
-0.044481
-0.044481
-0.055601
-0.055601
-0.055601
-0.055601
-0.066721
-0.033361
-0.033360
-0.033361
-0.033360
-0.033361
-0.033360
-0.022241
-0.022240
-0.022241
-0.011120
-0.022241
-0.022240
-0.011120
-0.011120
-0.011120
0.000000
0.000000
0.011120
0.000000
0.011120
0.011120
0.011121
0.022240
0.033361
0.033360
0.033361
0.044481
0.055601
0.088961
0.088962
0.055601
0.066721
0.077841
0.066722
0.077841
0.066721
0.077841
0.077842
0.088961
0.088962
0.077841
0.088962
0.122322
0.111202
0.122322
0.088962
0.100081
0.122322
0.100081
0.088962
0.088961
0.100081
0.100082
0.100082
0.100081
0.100082
0.100082
0.100081
0.088961
0.122322
0.122322
0.111202
0.111202
0.100082
0.077841
0.077842
0.088961
0.088962
0.077841
0.077841
0.077841
0.066721
0.077841
0.066721
0.077841
0.088962
0.088961
0.122322
0.088962
0.133442
0.100082
0.077841
0.077841
0.077841
0.077841
0.077842
0.077841
0.077841
0.077842
0.077841
0.077841
0.077842
0.088961
0.111202
0.100082
0.100081
0.100082
0.077842
0.088961
0.077841
0.077841
0.077841
0.077842
0.077841
0.077842
0.088961
0.088962
0.088961
0.100082
0.088962
0.133442
0.100082
0.144562
0.122321
0.100081
0.111202
0.100082
0.111202
0.100082
0.111202
0.111202
0.111202
0.111202
0.122322
0.111202
0.133442
0.133442
0.144562
0.133442
0.133442
0.111202
0.133442
0.133442
0.122322
0.133442
0.122322
0.122322
0.122322
0.122322
0.122322
0.133443
0.122322
0.144562
0.200164
0.155682
0.166802
0.122322
0.133442
0.122322
0.144563
0.133442
0.133442
0.122322
0.122322
0.122322
0.133442
0.133442
0.122322
0.122322
0.144563
0.177923
0.144562
0.166802
0.122322
0.189043
0.122322
0.122322
0.122321
0.122322
0.122322
0.133442
0.122322
0.122322
0.122322
0.122322
0.111202
0.133442
0.166802
0.122322
0.177923
0.155683
0.122322
0.122322
0.111201
0.111201
0.122322
0.111202
0.111202
0.111202
0.111202
0.111202
0.111202
0.122322
0.122322
0.200163
0.177922
0.111202
0.111202
0.122322
0.100082
0.111202
0.111202
0.100082
0.100082
0.111202
0.111201
0.111201
0.111201
0.100081
0.111201
0.111201
0.155683
0.155682
0.166802
0.111202
0.122322
0.122321
0.111201
0.122322
0.122322
0.122322
0.122322
0.111202
0.111202
0.111202
0.122322
0.111202
0.155683
0.144562
0.144563
0.144562
0.122322
0.122322
0.122322
0.122322
0.122322
0.122322
0.122322
0.122322
0.122322
0.111202
0.111202
0.122322
0.144563
0.144562
0.155683
0.211283
0.155682
0.122322
0.122322
0.122322
0.122322
0.122322
0.122322
0.122321
0.122322
0.133442
0.122322
0.144563
0.166803
0.155682
0.166802
0.144562
0.211284
0.144562
0.133442
0.155682
0.133442
0.166802
0.133443
0.155682
0.122322
0.155682
0.122322
0.144562
0.144562
0.166803
0.166803
0.222403
0.144562
0.177923
0.133442
0.133443
0.133442
0.133442
0.122322
0.122322
0.133443
0.133442
0.133442
0.133442
0.133442
0.144563
0.200163
0.133442
0.177923
0.144563
0.166803
0.144562
0.133442
0.133442
0.133443
0.133442
0.144563
0.133442
0.133442
0.144562
0.133442
0.133442
0.144562
0.166803
0.166803
0.211284
0.166803
0.144562
0.144562
0.133442
0.144563
0.144562
0.144563
0.144562
0.144563
0.144562
0.144562
0.144562
0.189043
0.211284
0.233524
0.155682
0.166802
0.144563
0.144562
0.144562
0.155683
0.144562
0.144562
0.144563
0.144562
0.144562
0.144563
0.144562
0.144562
0.166803
0.166802
0.189044
0.177923
0.166803
0.200163
0.155682
0.155683
0.144562
0.144562
0.144563
0.144562
0.144562
0.144563
0.155682
0.155683
0.166803
0.166803
0.166803
0.189043
0.222404
0.144562
0.144562
0.144562
0.166803
0.144563
0.144562
0.144562
0.144563
0.144562
0.144562
0.155683
0.155682
0.166802
0.211283
0.166803
0.177923
0.177923
0.166803
0.144562
0.155682
0.144562
0.144562
0.144562
0.144563
0.144562
0.144563
0.144562
0.144562
0.144562
0.166802
0.200163
0.233523
0.155683
0.155683
0.166803
0.133442
0.144562
0.133442
0.133442
0.133442
0.133442
0.133442
0.133442
0.133443
0.122322
0.133442
0.166802
0.155683
0.144563
0.177923
0.144562
0.155682
0.155683
0.144562
0.133443
0.133442
0.133442
0.122322
0.122322
0.122322
0.133442
0.122322
0.133442
0.122322
0.166802
0.122322
0.166803
0.155683
0.166802
0.122322
0.133442
0.155683
0.122322
0.133442
0.122322
0.122322
0.122322
0.133442
0.122322
0.122322
0.133442
0.155683
0.166802
0.177922
0.133442
0.200163
0.133442
0.122322
0.122321
0.122322
0.122322
0.122322
0.122322
0.122322
0.122322
0.122322
0.133443
0.133442
0.144562
0.144562
0.189043
0.133442
0.189043
0.133442
0.133442
0.133442
0.133443
0.133442
0.133442
0.133442
0.133442
0.133443
0.133442
0.133442
0.166802
0.211284
0.155682
0.166802
0.211283
0.166803
0.144562
0.122322
0.122322
0.133442
0.133442
0.133442
0.133442
0.122322
0.122322
0.122322
0.133442
0.144562
0.177923
0.133442
0.122321
0.122322
0.144562
0.166803
0.144562
0.133442
0.133442
0.122322
0.122321
0.133442
0.122322
0.133442
0.122322
0.144562
0.155683
0.122322
0.166803
0.166803
0.133442
0.166803
0.122322
0.122322
0.122322
0.122322
0.122322
0.122322
0.122322
0.122321
0.122322
0.122322
0.122322
0.122322
0.133443
0.144562
0.155683
0.122322
0.144563
0.144562
0.122322
0.122322
0.122322
0.133442
0.122321
0.133442
0.122322
0.122322
0.133443
0.122322
0.122322
0.144563
0.155682
0.144562
0.133442
0.133442
0.166803
0.133442
0.133442
0.133442
0.133442
0.133442
0.122322
0.133443
0.133442
0.133442
0.133443
0.133442
0.189043
0.189043
0.189043
0.166803
0.144562
0.122322
0.122322
0.122322
0.122322
0.133442
0.133442
0.133442
0.122322
0.122322
0.133442
0.122322
0.122322
0.189043
0.166803
0.166803
0.144562
0.155682
0.133443
0.122322
0.122322
0.122322
0.122322
0.133442
0.122322
0.122322
0.122322
0.122322
0.122322
0.122322
0.155683
0.155682
0.133443
0.111202
0.144563
0.122322
0.111202
0.122322
0.111202
0.111202
0.111202
0.111202
0.111202
0.111202
0.111202
0.111202
0.122322
0.177923
0.100082
0.155683
0.144562
0.133442
0.133442
0.122322
0.111202
0.111202
0.111202
0.111202
0.111202
0.111202
0.111202
0.122322
0.111202
0.122322
0.200163
0.166802
0.144562
0.144563
0.144562
0.144563
0.133442
0.144562
0.144562
0.155683
0.144562
0.155683
0.155683
0.166802
0.166802
0.166802
0.166803
0.289125
0.244644
0.222404
0.222404
0.200163
0.189043
0.233524
0.200163
0.200163
0.200163
0.200163
0.200163
0.200164
0.211283
0.200163
0.200163
0.233524
0.289124
0.278004
0.233524
