0.000000 1.211921 1.215879 1.218618 1.219118 1.221979 1.225309 1.219776 1.222780 0.000000 0.000000 0.000000 -0.000687 0.000000 0.000000 -0.000687 0.000000 -0.000687
1.226215 1.222452 1.222512 1.224114 1.224359 1.220111 1.225139 1.219618 1.219975 0.000000 0.000000 0.000000 0.000000 0.000000 0.000000 0.000000 -0.000687 0.000000
1.223285 1.223614 1.227500 1.227023 1.224520 1.221895 1.220031 1.213098 1.208372 -0.000687 0.000000 -0.000687 0.000000 -0.000687 0.000000 0.000000 0.000000 0.000000
1.217805 1.217234 1.221252 1.215537 1.216491 1.216468 1.210931 1.209499 1.209613 0.000000 0.000000 0.000000 0.000000 0.000000 0.000000 0.000000 0.000000 0.000000
1.219198 1.226779 1.219824 1.216454 1.215905 1.224204 1.222527 1.226113 1.228666 0.000000 0.000000 -0.000687 -0.000687 0.000000 -0.000687 0.000000 -0.000687 0.000000
1.226414 1.214436 1.216921 1.214471 1.217947 1.216769 1.222870 1.218911 1.222247 0.000000 -0.000687 0.000000 0.000000 0.000000 0.000000 0.000000 0.000000 0.000000
1.222605 1.212969 1.220506 1.224755 1.227620 1.237671 1.252023 1.246054 1.237959 0.000000 -0.001375 0.000000 -0.000687 -0.004163 -0.009091 -0.008365 -0.006264 -0.061773
1.237938 1.263975 1.266683 1.277477 1.283249 1.287058 1.317643 1.331597 1.308328 -0.370988 -0.457934 -0.523065 -0.576926 -0.663575 -0.703416 -0.762440 -0.792775 -0.834225
1.352407 1.373791 1.397066 1.415699 1.403559 1.422374 1.437159 1.468368 1.501050 -0.882978 -0.900098 -0.919358 -0.939954 -0.963118 -0.966102 -0.980433 -0.993624 -0.998450
1.510094 1.549191 1.533068 1.543088 1.450857 1.443812 1.460031 1.404892 1.413507 -1.012719 -1.012499 -1.033032 -1.032968 -1.049791 -1.048884 -1.069182 -1.070650 -1.071235
1.435212 1.412134 1.381661 1.339048 1.286924 1.236780 1.262170 1.223314 1.176075 -1.092235 -1.085064 -1.083548 -1.090787 -1.094004 -1.094097 -1.111348 -1.105435 -1.104762
1.054767 1.033781 0.957840 0.904466 0.854895 0.781993 0.709724 0.651003 0.573930 -1.099980 -1.089567 -1.081865 -1.070453 -1.083503 -1.066436 -1.055259 -1.056960 -1.042292
0.463982 0.364830 0.264060 0.180605 0.130278 0.028255 -0.102325 -0.187345 -0.286418 -1.009665 -0.996761 -0.975961 -0.969126 -0.956262 -0.935383 -0.920418 -0.914855 -0.895624
-0.493804 -0.617095 -0.697966 -0.767054 -0.897296 -1.025943 -1.094744 -1.223491 -1.341738 -0.864616 -0.842519 -0.836645 -0.821148 -0.802058 -0.770075 -0.729298 -0.682100 -0.649337
-1.572767 -1.662386 -1.740409 -1.830524 -1.909433 -2.016202 -2.145572 -2.227885 -2.339880 -0.584942 -0.546188 -0.529872 -0.537214 -0.538110 -0.534220 -0.538593 -0.536506 -0.545081
-2.543916 -2.674320 -2.820719 -2.932370 -3.072330 -3.203164 -3.344600 -3.463558 -3.585318 -0.554162 -0.559676 -0.558925 -0.573608 -0.574505 -0.589928 -0.585726 -0.601564 -0.612162
-3.836456 -4.020748 -4.136197 -4.237798 -4.372679 -4.553619 -4.649522 -4.775320 -4.901837 -0.651837 -0.669605 -0.669995 -0.700370 -0.733533 -0.766150 -0.785629 -0.814083 -0.850371
-5.172021 -5.269397 -5.407050 -5.622909 -5.687973 -5.745742 -5.884393 -6.023608 -6.078573 -0.919261 -0.967077 -0.978826 -1.019028 -1.044952 -1.084959 -1.085422 -1.110567 -1.121081
-6.368249 -6.477054 -6.564270 -6.635192 -6.661077 -6.770367 -6.784328 -6.881386 -6.966986 -1.163175 -1.193443 -1.201974 -1.231851 -1.245959 -1.259457 -1.259857 -1.267920 -1.274545
-7.078907 -7.105365 -7.227357 -7.303878 -7.201574 -7.273365 -7.219930 -7.340641 -7.250478 -1.283164 -1.294210 -1.283676 -1.278484 -1.274190 -1.273239 -1.260448 -1.249992 -1.235646
-7.284587 -7.182926 -7.248570 -7.193902 -7.151588 -7.187238 -7.164110 -7.131131 -7.054734 -1.224629 -1.211175 -1.191252 -1.170330 -1.144986 -1.120120 -1.109898 -1.081322 -1.052269
-6.956365 -6.922843 -6.758786 -6.748045 -6.684516 -6.636000 -6.639309 -6.581750 -6.470952 -1.000075 -0.968039 -0.951864 -0.917727 -0.908153 -0.879397 -0.851796 -0.813456 -0.781809
-6.281245 -6.145176 -6.064187 -5.982413 -5.867164 -5.775681 -5.677590 -5.601131 -5.477730 -0.734286 -0.712949 -0.664519 -0.651094 -0.643323 -0.595814 -0.590613 -0.556968 -0.530327
-5.114347 -5.024745 -4.872248 -4.775216 -4.647916 -4.537442 -4.406765 -4.252358 -4.114183 -0.502712 -0.477134 -0.460467 -0.438185 -0.428987 -0.414679 -0.395107 -0.384222 -0.381965
-3.813149 -3.612435 -3.462035 -3.292952 -3.126295 -2.959670 -2.776876 -2.606212 -2.435393 -0.360380 -0.352351 -0.349821 -0.335607 -0.341754 -0.351337 -0.345824 -0.344903 -0.350933
-2.121396 -1.951514 -1.775864 -1.632550 -1.502542 -1.336039 -1.200315 -1.071992 -0.917675 -0.351113 -0.349154 -0.341710 -0.350299 -0.329382 -0.322445 -0.310969 -0.311569 -0.322088
-0.621962 -0.501988 -0.371714 -0.223047 -0.090989 0.016548 0.125948 0.257811 0.372544 -0.309838 -0.317584 -0.299376 -0.317159 -0.314308 -0.299342 -0.313571 -0.321069 -0.321717
0.588688 0.694425 0.835245 0.981771 1.106718 1.235626 1.347363 1.496500 1.610053 -0.355436 -0.374642 -0.412266 -0.411008 -0.435572 -0.469227 -0.491519 -0.512310 -0.535655
1.862850 1.997488 2.133009 2.234923 2.362339 2.503757 2.606158 2.733170 2.834508 -0.563812 -0.593436 -0.609079 -0.603024 -0.603273 -0.606958 -0.599982 -0.606080 -0.602088
3.017053 3.100967 3.170884 3.222938 3.298704 3.400812 3.452937 3.523845 3.562395 -0.611052 -0.598202 -0.574277 -0.563645 -0.566448 -0.547607 -0.523330 -0.523657 -0.499990
3.700823 3.768895 3.828626 3.868505 3.917747 4.008676 4.035790 4.080132 4.170425 -0.484975 -0.482240 -0.492175 -0.505132 -0.535702 -0.567529 -0.597631 -0.624802 -0.654568
4.276784 4.285023 4.343715 4.351246 4.344873 4.408116 4.439965 4.484062 4.525217 -0.706888 -0.711792 -0.703013 -0.684430 -0.655718 -0.631168 -0.591834 -0.566480 -0.513579
4.576143 4.587575 4.604826 4.624688 4.629474 4.666955 4.664750 4.676933 4.694587 -0.464349 -0.413510 -0.405989 -0.409011 -0.419063 -0.435378 -0.462809 -0.490590 -0.529978
4.710637 4.778469 4.775258 4.808848 4.814732 4.823596 4.803619 4.780023 4.777378 -0.579354 -0.603347 -0.644047 -0.643140 -0.631494 -0.630924 -0.614389 -0.586310 -0.562745
4.781673 4.822005 4.833801 4.817489 4.802590 4.796935 4.814714 4.803027 4.790989 -0.520116 -0.511946 -0.500753 -0.491208 -0.505579 -0.521559 -0.543607 -0.560157 -0.582478
