1.000000 0.000000 0.000000 -0.006104 0.314331
2.000000 0.000000 0.000000 -0.009155 0.314331
3.000000 0.000000 0.000000 -0.006104 0.317383
4.000000 0.000000 0.000000 -0.006104 0.320435
5.000000 0.000000 0.006098 -0.009155 0.320435
6.000000 0.000000 0.006098 -0.012207 0.320435
7.000000 0.000000 0.006098 -0.006104 0.326538
8.000000 0.000000 0.012195 -0.012207 0.326538
9.000000 0.000000 0.012195 -0.006104 0.332642
10.000000 0.000000 0.012195 -0.006104 0.335693
11.000000 0.000000 0.018293 -0.009155 0.335693
12.000000 0.000000 0.018293 -0.006104 0.338745
13.000000 0.000000 0.018293 -0.009155 0.341797
14.000000 0.000000 0.024390 -0.006104 0.344849
15.000000 0.000000 0.024390 -0.003052 0.347900
16.000000 0.000000 0.024390 -0.003052 0.350952
17.000000 0.000000 0.024390 -0.012207 0.347900
18.000000 0.000000 0.030488 -0.009155 0.350952
19.000000 0.000000 0.030488 -0.006104 0.354004
20.000000 0.000000 0.030488 -0.012207 0.354004
21.000000 0.000000 0.036585 -0.009155 0.357056
22.000000 0.000000 0.036585 -0.009155 0.360107
23.000000 0.000000 0.036585 -0.006104 0.363159
24.000000 0.000000 0.042683 -0.012207 0.363159
25.000000 0.000000 0.042683 -0.009155 0.369263
26.000000 0.000000 0.042683 -0.006104 0.369263
27.000000 0.000000 0.048781 -0.009155 0.375366
28.000000 0.000000 0.048781 -0.006104 0.381470
29.000000 0.000000 0.054878 -0.015259 0.378418
30.000000 0.000000 0.054878 -0.012207 0.381470
31.000000 0.000000 0.054878 -0.009155 0.384521
32.000000 0.000000 0.060976 -0.006104 0.387573
33.000000 0.000000 0.060976 -0.009155 0.390625
34.000000 0.000000 0.067073 -0.006104 0.393677
35.000000 0.000000 0.067073 -0.006104 0.396729
36.000000 0.000000 0.067073 -0.012207 0.399780
37.000000 0.000000 0.073171 -0.009155 0.399780
38.000000 0.000000 0.073171 -0.009155 0.402832
39.000000 0.000000 0.073171 -0.006104 0.405884
40.000000 0.000000 0.079268 -0.009155 0.405884
41.000000 0.000000 0.079268 -0.006104 0.408936
42.000000 0.000000 0.079268 -0.006104 0.408936
43.000000 0.000000 0.085366 -0.006104 0.411987
44.000000 0.000000 0.091464 -0.009155 0.418091
45.000000 0.000000 0.091464 -0.006104 0.421143
46.000000 0.000000 0.091464 -0.009155 0.424194
47.000000 0.000000 0.103659 -0.009155 0.427246
48.000000 0.000000 0.103659 -0.006104 0.430298
49.000000 0.000000 0.103659 -0.006104 0.430298
50.000000 0.000000 0.109756 -0.012207 0.430298
51.000000 0.000000 0.109756 -0.006104 0.433350
52.000000 0.000000 0.109756 -0.006104 0.436401
53.000000 0.000000 0.115854 -0.003052 0.439453
54.000000 0.000000 0.115854 -0.006104 0.442505
55.000000 0.000000 0.121951 -0.012207 0.442505
56.000000 0.000000 0.128049 -0.009155 0.448608
57.000000 0.000000 0.128049 -0.009155 0.448608
58.000000 0.000000 0.134147 -0.012207 0.454712
59.000000 0.000000 0.134147 -0.009155 0.457764
60.000000 0.000000 0.140244 -0.009155 0.457764
61.000000 0.000000 0.140244 -0.009155 0.463867
62.000000 0.000000 0.140244 -0.009155 0.463867
63.000000 0.000000 0.146342 -0.006104 0.469971
64.000000 0.000000 0.146342 -0.009155 0.469971
65.000000 0.000000 0.152439 -0.009155 0.476074
66.000000 0.000000 0.152439 -0.009155 0.476074
67.000000 0.000000 0.158537 -0.009155 0.482178
68.000000 0.000000 0.158537 -0.009155 0.482178
69.000000 0.000000 0.164634 -0.009155 0.488281
70.000000 0.000000 0.164634 -0.009155 0.491333
71.000000 0.000000 0.170732 -0.006104 0.494385
72.000000 -0.011120 0.176830 -0.009155 0.497437
73.000000 -0.011120 0.182927 -0.009155 0.500488
74.000000 -0.011120 0.182927 -0.009155 0.503540
75.000000 -0.011120 0.189025 -0.012207 0.503540
76.000000 -0.011120 0.195122 -0.012207 0.506592
77.000000 -0.011120 0.201220 -0.009155 0.509644
78.000000 -0.011120 0.207317 -0.012207 0.512695
79.000000 -0.011120 0.207317 -0.009155 0.515747
80.000000 -0.011120 0.213415 -0.009155 0.518799
81.000000 -0.011120 0.213415 -0.015259 0.518799
82.000000 -0.011120 0.219513 -0.012207 0.521851
83.000000 -0.011120 0.225610 -0.012207 0.524902
84.000000 -0.011120 0.225610 -0.012207 0.527954
85.000000 -0.011120 0.231708 -0.012207 0.527954
86.000000 -0.011120 0.231708 -0.009155 0.531006
87.000000 -0.011120 0.237805 -0.012207 0.534058
88.000000 -0.011120 0.237805 -0.012207 0.537109
89.000000 -0.011120 0.243903 -0.015259 0.537109
90.000000 -0.011120 0.243903 -0.015259 0.540161
91.000000 -0.011120 0.250000 -0.009155 0.540161
92.000000 -0.011120 0.250000 -0.012207 0.540161
93.000000 -0.011120 0.256098 -0.015259 0.543213
94.000000 -0.011120 0.256098 -0.015259 0.546265
95.000000 -0.011120 0.262196 -0.009155 0.552368
96.000000 -0.011120 0.262196 -0.012207 0.552368
97.000000 -0.011120 0.268293 -0.015259 0.561523
98.000000 -0.011120 0.268293 -0.018311 0.561523
99.000000 -0.011120 0.274391 -0.018311 0.567627
100.000000 -0.011120 0.274391 -0.015259 0.567627
101.000000 -0.011120 0.280488 -0.012207 0.573730
102.000000 -0.011120 0.280488 -0.012207 0.573730
103.000000 -0.011120 0.286586 -0.012207 0.576782
104.000000 -0.011120 0.286586 -0.015259 0.576782
105.000000 -0.011120 0.292683 -0.015259 0.579834
106.000000 -0.011120 0.292683 -0.015259 0.579834
107.000000 -0.011120 0.298781 -0.018311 0.579834
108.000000 -0.011120 0.298781 -0.015259 0.582886
109.000000 -0.011120 0.304879 -0.012207 0.582886
110.000000 -0.011120 0.304879 -0.009155 0.585938
111.000000 -0.011120 0.310976 -0.015259 0.585938
112.000000 -0.011120 0.310976 -0.015259 0.585938
113.000000 -0.011120 0.317074 -0.015259 0.592041
114.000000 -0.011120 0.317074 -0.015259 0.595093
115.000000 -0.011120 0.323171 -0.009155 0.598145
116.000000 -0.011120 0.329269 -0.015259 0.598145
117.000000 -0.011120 0.329269 -0.009155 0.601196
118.000000 -0.011120 0.335367 -0.015259 0.601196
119.000000 -0.011120 0.335367 -0.012207 0.601196
120.000000 -0.011120 0.341464 -0.015259 0.604248
121.000000 -0.011120 0.341464 -0.015259 0.607300
122.000000 -0.011120 0.347562 -0.015259 0.607300
123.000000 -0.011120 0.347562 -0.012207 0.613403
124.000000 -0.011120 0.353659 -0.018311 0.613403
125.000000 -0.011120 0.359757 -0.015259 0.619507
126.000000 -0.011120 0.359757 -0.018311 0.622559
127.000000 -0.011120 0.365854 -0.006104 0.631714
128.000000 -0.011120 0.365854 -0.012207 0.631714
129.000000 -0.011120 0.371952 -0.009155 0.634766
130.000000 -0.011120 0.371952 -0.015259 0.634766
131.000000 -0.011120 0.378050 -0.018311 0.640869
132.000000 -0.011120 0.384147 -0.015259 0.643921
133.000000 -0.011120 0.384147 -0.018311 0.646973
134.000000 -0.011120 0.390245 -0.015259 0.650024
135.000000 -0.011120 0.390245 -0.018311 0.650024
136.000000 -0.011120 0.396342 -0.015259 0.653076
137.000000 -0.011120 0.402440 -0.015259 0.653076
138.000000 -0.022240 0.402440 -0.015259 0.656128
139.000000 -0.022240 0.408537 -0.012207 0.656128
140.000000 -0.022240 0.408537 -0.015259 0.656128
141.000000 -0.022240 0.414635 -0.015259 0.662231
142.000000 -0.022240 0.420733 -0.012207 0.662231
143.000000 -0.022240 0.420733 -0.018311 0.665283
144.000000 -0.022240 0.426830 -0.015259 0.668335
145.000000 -0.022240 0.426830 -0.018311 0.665283
146.000000 -0.022240 0.432928 -0.015259 0.668335
147.000000 -0.022240 0.439025 -0.021362 0.665283
148.000000 -0.022240 0.439025 -0.015259 0.668335
149.000000 -0.022240 0.445123 -0.012207 0.674438
150.000000 -0.022240 0.445123 -0.015259 0.671387
151.000000 -0.022240 0.451220 -0.015259 0.674438
152.000000 -0.022240 0.457318 -0.018311 0.671387
153.000000 -0.022240 0.457318 -0.015259 0.677490
154.000000 -0.022240 0.463416 -0.012207 0.677490
155.000000 -0.022240 0.463416 -0.012207 0.680542
156.000000 -0.022240 0.469513 -0.012207 0.680542
157.000000 -0.022240 0.475611 -0.012207 0.683594
158.000000 -0.022240 0.475611 -0.018311 0.683594
159.000000 -0.022240 0.481708 -0.015259 0.686646
160.000000 -0.022240 0.487806 -0.012207 0.686646
161.000000 -0.022240 0.487806 -0.012207 0.686646
162.000000 -0.022240 0.493903 -0.015259 0.686646
163.000000 -0.022240 0.493903 -0.018311 0.686646
164.000000 -0.022240 0.500001 -0.018311 0.683594
165.000000 -0.022240 0.506099 -0.015259 0.686646
166.000000 -0.022240 0.506099 -0.018311 0.686646
167.000000 -0.022240 0.512196 -0.018311 0.686646
168.000000 -0.022240 0.518294 -0.015259 0.686646
169.000000 -0.022240 0.518294 -0.015259 0.686646
170.000000 -0.022240 0.524391 -0.018311 0.683594
171.000000 -0.022240 0.524391 -0.021362 0.683594
172.000000 -0.022240 0.530489 -0.018311 0.683594
173.000000 -0.022240 0.536586 -0.015259 0.683594
174.000000 -0.022240 0.536586 -0.021362 0.680542
175.000000 -0.022240 0.542684 -0.018311 0.680542
176.000000 -0.022240 0.548782 -0.018311 0.680542
177.000000 -0.022240 0.548782 -0.015259 0.680542
178.000000 -0.022240 0.554879 -0.012207 0.680542
179.000000 -0.022240 0.554879 -0.012207 0.680542
180.000000 -0.022240 0.560977 -0.012207 0.677490
181.000000 -0.022240 0.567074 -0.018311 0.674438
182.000000 -0.022240 0.567074 -0.012207 0.674438
183.000000 -0.022240 0.573172 -0.018311 0.668335
184.000000 -0.022240 0.579269 -0.015259 0.668335
185.000000 -0.022240 0.579269 -0.015259 0.665283
186.000000 -0.022240 0.585367 -0.018311 0.662231
187.000000 -0.022240 0.585367 -0.015259 0.662231
188.000000 -0.022240 0.591465 -0.015259 0.659180
189.000000 -0.022240 0.597562 -0.015259 0.659180
190.000000 -0.022240 0.597562 -0.015259 0.656128
191.000000 -0.022240 0.603660 -0.021362 0.653076
192.000000 -0.022240 0.603660 -0.012207 0.653076
193.000000 -0.022240 0.609757 -0.015259 0.653076
194.000000 -0.022240 0.609757 -0.015259 0.650024
195.000000 -0.022240 0.615855 -0.015259 0.650024
196.000000 -0.033361 0.621952 -0.015259 0.650024
197.000000 -0.033361 0.628050 -0.012207 0.646973
198.000000 -0.033361 0.628050 -0.009155 0.643921
199.000000 -0.033361 0.634148 -0.015259 0.637817
200.000000 -0.033361 0.640245 -0.015259 0.637817
201.000000 -0.033361 0.640245 -0.015259 0.634766
202.000000 -0.033361 0.646343 -0.012207 0.634766
203.000000 -0.033361 0.652440 -0.015259 0.631714
204.000000 -0.033361 0.658538 -0.012207 0.625610
205.000000 -0.033361 0.664635 -0.012207 0.622559
206.000000 -0.033361 0.664635 -0.012207 0.619507
207.000000 -0.033361 0.670733 -0.012207 0.613403
208.000000 -0.033361 0.676831 -0.012207 0.610352
209.000000 -0.033361 0.676831 -0.015259 0.604248
210.000000 -0.033361 0.682928 -0.015259 0.601196
211.000000 -0.033361 0.689026 -0.012207 0.601196
212.000000 -0.033361 0.689026 -0.012207 0.598145
213.000000 -0.033361 0.701221 -0.012207 0.582886
214.000000 -0.033361 0.707318 -0.015259 0.573730
215.000000 -0.033361 0.707318 -0.006104 0.573730
216.000000 -0.033361 0.713416 -0.012207 0.567627
217.000000 -0.033361 0.713416 -0.015259 0.564575
218.000000 -0.033361 0.719514 -0.012207 0.564575
219.000000 -0.033361 0.719514 -0.009155 0.561523
220.000000 -0.033361 0.725611 -0.015259 0.561523
221.000000 -0.033361 0.731709 -0.015259 0.555420
222.000000 -0.033361 0.731709 -0.012207 0.552368
223.000000 -0.033361 0.737806 -0.015259 0.552368
224.000000 -0.033361 0.737806 -0.012207 0.549316
225.000000 -0.033361 0.743904 -0.015259 0.552368
226.000000 -0.033361 0.743904 -0.012207 0.546265
227.000000 -0.033361 0.750001 -0.015259 0.543213
228.000000 -0.033361 0.750001 -0.009155 0.540161
229.000000 -0.033361 0.756099 -0.012207 0.537109
230.000000 -0.033361 0.756099 -0.012207 0.534058
231.000000 -0.033361 0.762197 -0.012207 0.527954
232.000000 -0.033361 0.762197 -0.015259 0.524902
233.000000 -0.033361 0.768294 -0.009155 0.524902
234.000000 -0.033361 0.768294 -0.012207 0.518799
235.000000 -0.033361 0.774392 -0.015259 0.515747
236.000000 -0.033361 0.774392 -0.018311 0.509644
237.000000 -0.033361 0.780489 -0.009155 0.509644
238.000000 -0.033361 0.786587 -0.006104 0.503540
239.000000 -0.033361 0.786587 -0.015259 0.497437
240.000000 -0.033361 0.786587 -0.009155 0.497437
241.000000 -0.033361 0.792684 -0.006104 0.494385
242.000000 -0.033361 0.798782 -0.006104 0.488281
243.000000 -0.033361 0.798782 -0.006104 0.485229
244.000000 -0.033361 0.804880 -0.009155 0.482178
245.000000 -0.033361 0.804880 -0.006104 0.482178
246.000000 -0.033361 0.810977 -0.006104 0.482178
247.000000 -0.033361 0.810977 -0.009155 0.479126
248.000000 -0.033361 0.817075 -0.012207 0.479126
249.000000 -0.033361 0.817075 -0.006104 0.479126
250.000000 -0.033361 0.823172 -0.012207 0.476074
251.000000 -0.033361 0.823172 -0.015259 0.473022
252.000000 -0.033361 0.829270 -0.015259 0.476074
253.000000 -0.033361 0.829270 -0.009155 0.476074
254.000000 -0.033361 0.835367 -0.009155 0.473022
255.000000 -0.033361 0.835367 -0.012207 0.473022
256.000000 -0.033361 0.835367 -0.012207 0.469971
257.000000 -0.033361 0.841465 -0.006104 0.473022
258.000000 -0.033361 0.841465 -0.006104 0.473022
259.000000 -0.044481 0.847563 -0.009155 0.469971
260.000000 -0.044481 0.847563 -0.012207 0.466919
261.000000 -0.044481 0.853660 -0.012207 0.466919
262.000000 -0.044481 0.853660 -0.015259 0.460815
263.000000 -0.044481 0.853660 -0.009155 0.463867
264.000000 -0.044481 0.859758 -0.012207 0.460815
265.000000 -0.044481 0.859758 -0.012207 0.460815
266.000000 -0.044481 0.865855 -0.009155 0.460815
267.000000 -0.044481 0.865855 -0.018311 0.457764
268.000000 -0.044481 0.865855 -0.012207 0.457764
269.000000 -0.044481 0.871953 -0.012207 0.457764
270.000000 -0.044481 0.871953 -0.009155 0.457764
271.000000 -0.044481 0.878050 -0.012207 0.457764
272.000000 -0.044481 0.878050 -0.012207 0.457764
273.000000 -0.044481 0.884148 -0.009155 0.457764
274.000000 -0.044481 0.884148 -0.006104 0.457764
275.000000 -0.044481 0.890246 -0.006104 0.457764
276.000000 -0.044481 0.890246 -0.009155 0.457764
277.000000 -0.044481 0.896343 -0.012207 0.457764
278.000000 -0.044481 0.896343 -0.009155 0.457764
279.000000 -0.044481 0.896343 -0.012207 0.454712
280.000000 -0.044481 0.902441 -0.009155 0.457764
281.000000 -0.044481 0.902441 -0.009155 0.457764
282.000000 -0.044481 0.908538 -0.009155 0.457764
283.000000 -0.044481 0.908538 -0.009155 0.457764
284.000000 -0.044481 0.908538 -0.009155 0.457764
285.000000 -0.044481 0.914636 -0.006104 0.457764
286.000000 -0.044481 0.914636 -0.009155 0.457764
287.000000 -0.044481 0.920733 -0.006104 0.457764
288.000000 -0.044481 0.920733 -0.006104 0.460815
289.000000 -0.044481 0.920733 -0.009155 0.457764
290.000000 -0.044481 0.926831 -0.009155 0.460815
291.000000 -0.044481 0.926831 -0.009155 0.460815
292.000000 -0.044481 0.932929 -0.012207 0.460815
293.000000 -0.044481 0.932929 -0.015259 0.463867
294.000000 -0.044481 0.939026 -0.012207 0.463867
295.000000 -0.044481 0.939026 -0.015259 0.466919
296.000000 -0.044481 0.939026 -0.012207 0.466919
297.000000 -0.044481 0.945124 -0.009155 0.469971
298.000000 -0.044481 0.945124 -0.012207 0.473022
299.000000 -0.044481 0.951221 -0.009155 0.473022
300.000000 -0.044481 0.951221 -0.012207 0.473022
301.000000 -0.044481 0.957319 -0.012207 0.479126
302.000000 -0.044481 0.957319 -0.009155 0.479126
303.000000 -0.044481 0.963416 -0.006104 0.485229
304.000000 -0.044481 0.963416 -0.009155 0.482178
305.000000 -0.044481 0.963416 -0.018311 0.482178
306.000000 -0.044481 0.969514 -0.015259 0.485229
307.000000 -0.044481 0.969514 -0.015259 0.485229
308.000000 -0.044481 0.975612 -0.012207 0.488281
309.000000 -0.044481 0.975612 -0.009155 0.491333
310.000000 -0.044481 0.981709 -0.012207 0.488281
311.000000 -0.044481 0.981709 -0.012207 0.491333
312.000000 -0.044481 0.987807 -0.012207 0.491333
313.000000 -0.044481 0.987807 -0.012207 0.491333
314.000000 -0.044481 0.987807 -0.009155 0.491333
315.000000 -0.044481 0.993904 -0.012207 0.491333
316.000000 -0.044481 0.993904 -0.015259 0.491333
317.000000 -0.044481 1.000002 -0.018311 0.491333
318.000000 -0.044481 1.000002 -0.012207 0.494385
319.000000 -0.044481 1.006100 -0.009155 0.494385
320.000000 -0.044481 1.006100 -0.012207 0.494385
321.000000 -0.044481 1.012197 -0.012207 0.497437
322.000000 -0.044481 1.012197 -0.015259 0.494385
323.000000 -0.044481 1.012197 -0.021362 0.494385
324.000000 -0.044481 1.018295 -0.012207 0.497437
325.000000 -0.044481 1.018295 -0.012207 0.497437
326.000000 -0.044481 1.024392 -0.015259 0.497437
327.000000 -0.044481 1.024392 -0.012207 0.497437
328.000000 -0.044481 1.030490 -0.012207 0.497437
329.000000 -0.044481 1.030490 -0.009155 0.497437
330.000000 -0.044481 1.036587 -0.015259 0.497437
331.000000 -0.044481 1.036587 -0.015259 0.500488
332.000000 -0.044481 1.042685 -0.018311 0.497437
333.000000 -0.044481 1.042685 -0.012207 0.503540
334.000000 -0.044481 1.048783 -0.018311 0.497437
335.000000 -0.044481 1.048783 -0.015259 0.503540
336.000000 -0.055601 1.048783 -0.015259 0.500488
337.000000 -0.055601 1.054880 -0.012207 0.503540
338.000000 -0.055601 1.054880 -0.009155 0.503540
339.000000 -0.055601 1.060978 -0.012207 0.503540
340.000000 -0.055601 1.060978 -0.012207 0.503540
341.000000 -0.055601 1.067075 -0.015259 0.503540
342.000000 -0.055601 1.067075 -0.012207 0.503540
343.000000 -0.055601 1.073173 -0.015259 0.503540
344.000000 -0.055601 1.073173 -0.012207 0.503540
345.000000 -0.055601 1.079270 -0.006104 0.506592
346.000000 -0.055601 1.079270 -0.009155 0.503540
347.000000 -0.055601 1.079270 -0.006104 0.506592
348.000000 -0.055601 1.085368 -0.009155 0.503540
349.000000 -0.055601 1.085368 -0.012207 0.503540
350.000000 -0.055601 1.091466 -0.009155 0.503540
351.000000 -0.044481 1.097563 -0.009155 0.509644
352.000000 -0.044481 1.103661 -0.009155 0.509644
353.000000 -0.044481 1.109758 -0.006104 0.512695
354.000000 -0.044481 1.109758 -0.012207 0.509644
355.000000 -0.044481 1.115856 -0.012207 0.509644
356.000000 -0.044481 1.115856 -0.015259 0.509644
357.000000 -0.044481 1.121953 -0.012207 0.509644
358.000000 -0.044481 1.121953 -0.009155 0.509644
359.000000 -0.044481 1.128051 -0.015259 0.506592
360.000000 -0.044481 1.128051 -0.015259 0.509644
361.000000 -0.044481 1.128051 -0.015259 0.509644
362.000000 -0.044481 1.134149 -0.015259 0.509644
363.000000 -0.044481 1.134149 -0.015259 0.509644
364.000000 -0.044481 1.140246 -0.015259 0.509644
365.000000 -0.044481 1.140246 -0.012207 0.509644
366.000000 -0.044481 1.146344 -0.018311 0.509644
367.000000 -0.044481 1.146344 -0.018311 0.509644
368.000000 -0.044481 1.152441 -0.015259 0.509644
369.000000 -0.044481 1.158539 -0.018311 0.509644
370.000000 -0.044481 1.164636 -0.021362 0.515747
371.000000 -0.044481 1.170734 -0.021362 0.515747
372.000000 -0.044481 1.170734 -0.015259 0.518799
373.000000 -0.044481 1.176832 -0.018311 0.518799
374.000000 -0.044481 1.182929 -0.021362 0.521851
375.000000 -0.044481 1.182929 -0.015259 0.524902
376.000000 -0.044481 1.195124 -0.018311 0.527954
377.000000 -0.044481 1.201222 -0.018311 0.527954
378.000000 -0.044481 1.201222 -0.012207 0.531006
379.000000 -0.044481 1.207319 -0.015259 0.531006
380.000000 -0.044481 1.207319 -0.012207 0.531006
381.000000 -0.044481 1.213417 -0.018311 0.527954
382.000000 -0.044481 1.213417 -0.015259 0.527954
383.000000 -0.044481 1.213417 -0.018311 0.527954
384.000000 -0.044481 1.219515 -0.015259 0.534058
385.000000 -0.044481 1.219515 -0.018311 0.531006
386.000000 -0.044481 1.231710 -0.024414 0.534058
387.000000 -0.044481 1.237807 -0.015259 0.537109
388.000000 -0.044481 1.250002 -0.021362 0.543213
389.000000 -0.044481 1.256100 -0.021362 0.549316
390.000000 -0.044481 1.262198 -0.021362 0.552368
391.000000 -0.044481 1.268295 -0.024414 0.558472
392.000000 -0.044481 1.274393 -0.027466 0.558472
393.000000 -0.044481 1.274393 -0.024414 0.561523
394.000000 -0.044481 1.280490 -0.021362 0.564575
395.000000 -0.044481 1.286588 -0.030518 0.564575
396.000000 -0.044481 1.286588 -0.024414 0.567627
397.000000 -0.044481 1.292685 -0.027466 0.567627
398.000000 -0.044481 1.298783 -0.030518 0.570679
399.000000 -0.044481 1.304881 -0.027466 0.573730
400.000000 -0.044481 1.304881 -0.030518 0.573730
401.000000 -0.044481 1.310978 -0.024414 0.576782
402.000000 -0.044481 1.310978 -0.027466 0.576782
403.000000 -0.044481 1.317076 -0.024414 0.579834
404.000000 -0.044481 1.317076 -0.024414 0.579834
405.000000 -0.044481 1.323173 -0.024414 0.582886
406.000000 -0.044481 1.323173 -0.024414 0.585938
407.000000 -0.044481 1.335368 -0.030518 0.588989
408.000000 -0.044481 1.341466 -0.030518 0.588989
409.000000 -0.044481 1.347564 -0.030518 0.595093
410.000000 -0.044481 1.347564 -0.030518 0.598145
411.000000 -0.044481 1.353661 -0.024414 0.607300
412.000000 -0.055601 1.359759 -0.027466 0.610352
413.000000 -0.055601 1.359759 -0.027466 0.613403
414.000000 -0.044481 1.378051 -0.030518 0.616455
415.000000 -0.044481 1.378051 -0.036621 0.619507
416.000000 -0.044481 1.384149 -0.030518 0.622559
417.000000 -0.044481 1.384149 -0.030518 0.625610
418.000000 -0.044481 1.390247 -0.030518 0.625610
419.000000 -0.055601 1.396344 -0.036621 0.628662
420.000000 -0.055601 1.402442 -0.033569 0.634766
421.000000 -0.055601 1.402442 -0.033569 0.637817
422.000000 -0.055601 1.408539 -0.030518 0.640869
423.000000 -0.055601 1.420734 -0.030518 0.643921
424.000000 -0.055601 1.420734 -0.033569 0.640869
425.000000 -0.055601 1.426832 -0.030518 0.643921
426.000000 -0.055601 1.426832 -0.033569 0.646973
427.000000 -0.055601 1.432930 -0.036621 0.646973
428.000000 -0.055601 1.432930 -0.030518 0.653076
429.000000 -0.055601 1.445125 -0.036621 0.656128
430.000000 -0.055601 1.451222 -0.033569 0.659180
431.000000 -0.055601 1.457320 -0.033569 0.659180
432.000000 -0.055601 1.457320 -0.033569 0.662231
433.000000 -0.055601 1.463417 -0.036621 0.659180
434.000000 -0.055601 1.469515 -0.039673 0.659180
435.000000 -0.055601 1.469515 -0.036621 0.659180
436.000000 -0.055601 1.475613 -0.033569 0.662231
437.000000 -0.055601 1.475613 -0.036621 0.662231
438.000000 -0.055601 1.481710 -0.036621 0.665283
439.000000 -0.055601 1.487808 -0.036621 0.668335
440.000000 -0.055601 1.487808 -0.036621 0.668335
441.000000 -0.055601 1.493905 -0.036621 0.674438
442.000000 -0.055601 1.493905 -0.036621 0.677490
443.000000 -0.055601 1.500003 -0.036621 0.680542
444.000000 -0.055601 1.506100 -0.042725 0.677490
445.000000 -0.055601 1.506100 -0.039673 0.680542
446.000000 -0.055601 1.512198 -0.042725 0.683594
447.000000 -0.055601 1.518296 -0.042725 0.683594
448.000000 -0.055601 1.518296 -0.042725 0.686646
449.000000 -0.055601 1.530491 -0.048828 0.689697
450.000000 -0.055601 1.536588 -0.042725 0.692749
451.000000 -0.055601 1.542686 -0.048828 0.692749
452.000000 -0.055601 1.542686 -0.051880 0.692749
453.000000 -0.066721 1.548783 -0.051880 0.692749
454.000000 -0.066721 1.554881 -0.051880 0.698853
455.000000 -0.066721 1.554881 -0.045776 0.701904
456.000000 -0.066721 1.560979 -0.045776 0.704956
457.000000 -0.066721 1.560979 -0.051880 0.704956
458.000000 -0.066721 1.567076 -0.045776 0.704956
459.000000 -0.066721 1.573174 -0.045776 0.708008
460.000000 -0.066721 1.573174 -0.042725 0.711060
461.000000 -0.066721 1.579271 -0.045776 0.711060
462.000000 -0.066721 1.585369 -0.045776 0.717163
463.000000 -0.066721 1.585369 -0.048828 0.717163
464.000000 -0.066721 1.591466 -0.045776 0.720215
465.000000 -0.066721 1.597564 -0.045776 0.723267
466.000000 -0.066721 1.597564 -0.042725 0.723267
467.000000 -0.066721 1.603662 -0.039673 0.726318
468.000000 -0.066721 1.609759 -0.048828 0.723267
469.000000 -0.066721 1.615857 -0.045776 0.726318
470.000000 -0.066721 1.621954 -0.042725 0.726318
471.000000 -0.066721 1.621954 -0.045776 0.726318
472.000000 -0.066721 1.628052 -0.054932 0.729370
473.000000 -0.066721 1.634150 -0.042725 0.735474
474.000000 -0.066721 1.634150 -0.048828 0.738525
475.000000 -0.066721 1.640247 -0.042725 0.741577
476.000000 -0.066721 1.646345 -0.048828 0.738525
477.000000 -0.066721 1.646345 -0.051880 0.741577
478.000000 -0.077841 1.652442 -0.048828 0.747681
479.000000 -0.077841 1.658540 -0.048828 0.750732
480.000000 -0.077841 1.664637 -0.045776 0.753784
481.000000 -0.077841 1.664637 -0.045776 0.756836
482.000000 -0.077841 1.670735 -0.051880 0.759888
483.000000 -0.077841 1.676833 -0.051880 0.759888
484.000000 -0.077841 1.676833 -0.051880 0.762939
485.000000 -0.077841 1.682930 -0.051880 0.765991
486.000000 -0.077841 1.689028 -0.061035 0.762939
487.000000 -0.077841 1.689028 -0.057983 0.765991
488.000000 -0.077841 1.701223 -0.051880 0.778198
489.000000 -0.077841 1.707320 -0.057983 0.778198
490.000000 -0.077841 1.707320 -0.054932 0.781250
491.000000 -0.077841 1.713418 -0.057983 0.784302
492.000000 -0.077841 1.719516 -0.057983 0.784302
493.000000 -0.077841 1.719516 -0.057983 0.787354
494.000000 -0.077841 1.725613 -0.057983 0.790405
495.000000 -0.077841 1.731711 -0.054932 0.793457
496.000000 -0.077841 1.737808 -0.061035 0.793457
497.000000 -0.077841 1.737808 -0.061035 0.796509
498.000000 -0.088961 1.743906 -0.057983 0.799561
499.000000 -0.088961 1.750003 -0.061035 0.799561
500.000000 -0.088961 1.750003 -0.064087 0.799561
501.000000 -0.088961 1.756101 -0.057983 0.802612
502.000000 -0.088961 1.762199 -0.061035 0.802612
503.000000 -0.088961 1.768296 -0.061035 0.805664
504.000000 -0.088961 1.768296 -0.061035 0.808716
505.000000 -0.088961 1.774394 -0.057983 0.811768
506.000000 -0.088961 1.780491 -0.061035 0.814819
507.000000 -0.088961 1.786589 -0.057983 0.817871
508.000000 -0.088961 1.792686 -0.057983 0.820923
509.000000 -0.088961 1.798784 -0.061035 0.820923
510.000000 -0.088961 1.804882 -0.061035 0.820923
511.000000 -0.088961 1.804882 -0.057983 0.823975
512.000000 -0.088961 1.810979 -0.061035 0.820923
513.000000 -0.088961 1.817077 -0.061035 0.823975
514.000000 -0.088961 1.823174 -0.057983 0.830078
515.000000 -0.088961 1.823174 -0.064087 0.830078
516.000000 -0.100082 1.829272 -0.064087 0.833130
517.000000 -0.100082 1.835369 -0.064087 0.833130
518.000000 -0.100082 1.841467 -0.064087 0.836182
519.000000 -0.100082 1.841467 -0.064087 0.836182
520.000000 -0.100082 1.847565 -0.061035 0.839233
521.000000 -0.100082 1.853662 -0.064087 0.839233
522.000000 -0.100082 1.859760 -0.064087 0.839233
523.000000 -0.100082 1.859760 -0.067139 0.839233
524.000000 -0.100082 1.865857 -0.067139 0.842285
525.000000 -0.100082 1.871955 -0.064087 0.842285
526.000000 -0.100082 1.878052 -0.061035 0.848389
527.000000 -0.100082 1.884150 -0.064087 0.848389
528.000000 -0.100082 1.890248 -0.067139 0.851440
529.000000 -0.100082 1.896345 -0.064087 0.854492
530.000000 -0.100082 1.902443 -0.070190 0.851440
531.000000 -0.100082 1.908540 -0.064087 0.854492
532.000000 -0.111202 1.908540 -0.067139 0.854492
533.000000 -0.111202 1.914638 -0.070190 0.854492
534.000000 -0.111202 1.920735 -0.073242 0.860596
535.000000 -0.111202 1.926833 -0.070190 0.863647
536.000000 -0.111202 1.932931 -0.073242 0.866699
537.000000 -0.111202 1.945126 -0.070190 0.869751
538.000000 -0.111202 1.951223 -0.073242 0.872803
539.000000 -0.111202 1.951223 -0.073242 0.875854
540.000000 -0.111202 1.957321 -0.079346 0.875854
541.000000 -0.111202 1.963418 -0.073242 0.878906
542.000000 -0.111202 1.969516 -0.076294 0.878906
543.000000 -0.111202 1.975614 -0.076294 0.881958
544.000000 -0.122322 1.975614 -0.079346 0.881958
545.000000 -0.122322 1.981711 -0.076294 0.885010
546.000000 -0.122322 1.993906 -0.073242 0.891113
547.000000 -0.122322 2.000004 -0.079346 0.891113
548.000000 -0.122322 2.006101 -0.079346 0.894165
549.000000 -0.122322 2.012199 -0.082397 0.894165
550.000000 -0.122322 2.018297 -0.085449 0.897217
551.000000 -0.122322 2.024394 -0.079346 0.903320
552.000000 -0.122322 2.036589 -0.085449 0.909424
553.000000 -0.133442 2.054882 -0.082397 0.915527
554.000000 -0.133442 2.054882 -0.079346 0.918579
555.000000 -0.133442 2.060980 -0.088501 0.918579
556.000000 -0.133442 2.079272 -0.082397 0.924683
557.000000 -0.133442 2.085370 -0.091553 0.927734
558.000000 -0.133442 2.097565 -0.085449 0.933838
559.000000 -0.133442 2.103663 -0.082397 0.936890
560.000000 -0.133442 2.109760 -0.088501 0.933838
561.000000 -0.133442 2.115858 -0.085449 0.936890
562.000000 -0.144562 2.121955 -0.088501 0.936890
563.000000 -0.144562 2.121955 -0.085449 0.939941
564.000000 -0.144562 2.128053 -0.088501 0.939941
565.000000 -0.144562 2.146346 -0.094604 0.949097
566.000000 -0.144562 2.152443 -0.094604 0.949097
567.000000 -0.144562 2.158541 -0.088501 0.955200
568.000000 -0.144562 2.158541 -0.088501 0.955200
569.000000 -0.144562 2.164638 -0.088501 0.958252
570.000000 -0.144562 2.170736 -0.094604 0.958252
571.000000 -0.155682 2.176833 -0.094604 0.961304
572.000000 -0.155682 2.182931 -0.091553 0.967407
573.000000 -0.155682 2.189029 -0.094604 0.967407
574.000000 -0.155682 2.195126 -0.091553 0.970459
575.000000 -0.155682 2.201224 -0.097656 0.970459
576.000000 -0.155682 2.207321 -0.088501 0.976562
577.000000 -0.155682 2.213419 -0.091553 0.976562
578.000000 -0.155682 2.219516 -0.097656 0.973511
579.000000 -0.155682 2.225614 -0.094604 0.979614
580.000000 -0.155682 2.231712 -0.097656 0.976562
581.000000 -0.155682 2.237809 -0.103760 0.979614
582.000000 -0.166803 2.237809 -0.100708 0.979614
583.000000 -0.166803 2.243907 -0.103760 0.979614
584.000000 -0.166803 2.250004 -0.100708 0.988770
585.000000 -0.166803 2.268297 -0.106812 0.997925
586.000000 -0.166803 2.274395 -0.106812 1.000977
587.000000 -0.166803 2.280492 -0.106812 1.004028
588.000000 -0.166803 2.286590 -0.106812 1.007080
589.000000 -0.177923 2.292687 -0.109863 1.010132
590.000000 -0.177923 2.304883 -0.106812 1.016235
591.000000 -0.177923 2.329273 -0.109863 1.022339
592.000000 -0.177923 2.335370 -0.112915 1.022339
593.000000 -0.177923 2.341468 -0.112915 1.022339
594.000000 -0.177923 2.341468 -0.112915 1.025391
595.000000 -0.189043 2.347566 -0.109863 1.028442
596.000000 -0.189043 2.353663 -0.109863 1.031494
597.000000 -0.189043 2.359761 -0.115967 1.028442
598.000000 -0.189043 2.365858 -0.109863 1.031494
599.000000 -0.189043 2.371956 -0.106812 1.037598
600.000000 -0.189043 2.378053 -0.119019 1.031494
601.000000 -0.189043 2.384151 -0.112915 1.034546
602.000000 -0.189043 2.390249 -0.106812 1.037598
603.000000 -0.189043 2.396346 -0.109863 1.037598
604.000000 -0.200163 2.402444 -0.112915 1.034546
605.000000 -0.200163 2.408541 -0.109863 1.037598
606.000000 -0.200163 2.414639 -0.112915 1.037598
607.000000 -0.200163 2.420736 -0.109863 1.040649
608.000000 -0.200163 2.426834 -0.112915 1.043701
609.000000 -0.200163 2.426834 -0.112915 1.046753
610.000000 -0.200163 2.439029 -0.115967 1.049805
611.000000 -0.200163 2.445127 -0.119019 1.049805
612.000000 -0.200163 2.451224 -0.115967 1.049805
613.000000 -0.211283 2.457322 -0.122070 1.049805
614.000000 -0.211283 2.463419 -0.122070 1.052856
615.000000 -0.211283 2.469517 -0.119019 1.055908
616.000000 -0.211283 2.475615 -0.115967 1.058960
617.000000 -0.211283 2.481712 -0.122070 1.055908
618.000000 -0.211283 2.487810 -0.125122 1.058960
619.000000 -0.211283 2.493907 -0.122070 1.062012
620.000000 -0.211283 2.500005 -0.125122 1.058960
621.000000 -0.222404 2.506102 -0.125122 1.062012
622.000000 -0.222404 2.512200 -0.119019 1.065063
623.000000 -0.222404 2.518298 -0.125122 1.062012
624.000000 -0.222404 2.518298 -0.125122 1.062012
625.000000 -0.222404 2.524395 -0.125122 1.065063
626.000000 -0.222404 2.530493 -0.128174 1.068115
627.000000 -0.222404 2.536590 -0.131226 1.068115
628.000000 -0.222404 2.542688 -0.131226 1.071167
629.000000 -0.233524 2.548785 -0.125122 1.077271
630.000000 -0.233524 2.560981 -0.128174 1.080322
631.000000 -0.233524 2.567078 -0.128174 1.083374
632.000000 -0.233524 2.573176 -0.128174 1.080322
633.000000 -0.233524 2.579273 -0.137329 1.080322
634.000000 -0.233524 2.585371 -0.140381 1.083374
635.000000 -0.233524 2.591468 -0.137329 1.083374
636.000000 -0.233524 2.597566 -0.137329 1.089478
637.000000 -0.244644 2.603664 -0.137329 1.092529
638.000000 -0.244644 2.609761 -0.137329 1.095581
639.000000 -0.244644 2.615859 -0.140381 1.095581
640.000000 -0.244644 2.621956 -0.137329 1.098633
641.000000 -0.244644 2.628054 -0.140381 1.095581
642.000000 -0.244644 2.634151 -0.137329 1.098633
643.000000 -0.244644 2.640249 -0.140381 1.098633
644.000000 -0.244644 2.646347 -0.140381 1.101685
645.000000 -0.255764 2.652444 -0.134277 1.104736
646.000000 -0.255764 2.658542 -0.137329 1.104736
647.000000 -0.255764 2.664639 -0.143433 1.104736
648.000000 -0.255764 2.670737 -0.134277 1.110840
649.000000 -0.255764 2.676834 -0.140381 1.107788
650.000000 -0.255764 2.682932 -0.134277 1.110840
651.000000 -0.255764 2.689030 -0.137329 1.113892
652.000000 -0.255764 2.695127 -0.137329 1.110840
653.000000 -0.266884 2.701225 -0.137329 1.113892
654.000000 -0.266884 2.707322 -0.137329 1.110840
655.000000 -0.266884 2.713420 -0.137329 1.113892
656.000000 -0.266884 2.719517 -0.137329 1.113892
657.000000 -0.266884 2.725615 -0.134277 1.113892
658.000000 -0.266884 2.731713 -0.137329 1.113892
659.000000 -0.266884 2.737810 -0.134277 1.119995
660.000000 -0.278004 2.743908 -0.134277 1.123047
661.000000 -0.278004 2.750005 -0.140381 1.123047
662.000000 -0.278004 2.756103 -0.137329 1.132202
663.000000 -0.278004 2.762200 -0.137329 1.132202
664.000000 -0.278004 2.774396 -0.143433 1.132202
665.000000 -0.278004 2.780493 -0.146484 1.135254
666.000000 -0.278004 2.786591 -0.143433 1.138306
667.000000 -0.289125 2.792688 -0.146484 1.138306
668.000000 -0.289125 2.798786 -0.146484 1.141357
669.000000 -0.289125 2.804883 -0.152588 1.138306
670.000000 -0.289125 2.810981 -0.146484 1.144409
671.000000 -0.289125 2.817079 -0.149536 1.147461
672.000000 -0.289125 2.823176 -0.146484 1.153564
673.000000 -0.289125 2.829274 -0.146484 1.153564
674.000000 -0.300245 2.835371 -0.152588 1.153564
675.000000 -0.300245 2.847566 -0.152588 1.156616
676.000000 -0.300245 2.853664 -0.152588 1.156616
677.000000 -0.300245 2.859762 -0.158691 1.156616
678.000000 -0.300245 2.865859 -0.155640 1.159668
679.000000 -0.300245 2.871957 -0.158691 1.159668
680.000000 -0.300245 2.878054 -0.158691 1.165771
681.000000 -0.311365 2.884152 -0.155640 1.168823
682.000000 -0.311365 2.890249 -0.161743 1.168823
683.000000 -0.311365 2.896347 -0.158691 1.171875
684.000000 -0.311365 2.902445 -0.164795 1.168823
685.000000 -0.311365 2.908542 -0.164795 1.171875
686.000000 -0.311365 2.914640 -0.158691 1.174927
687.000000 -0.322485 2.920737 -0.161743 1.174927
688.000000 -0.322485 2.926835 -0.161743 1.177979
689.000000 -0.322485 2.932933 -0.161743 1.177979
690.000000 -0.322485 2.945128 -0.155640 1.184082
691.000000 -0.322485 2.951225 -0.152588 1.187134
692.000000 -0.322485 2.957323 -0.155640 1.187134
693.000000 -0.322485 2.963420 -0.158691 1.187134
694.000000 -0.322485 2.969518 -0.158691 1.190186
695.000000 -0.333605 2.975616 -0.164795 1.190186
696.000000 -0.333605 2.981713 -0.161743 1.193237
697.000000 -0.333605 2.987811 -0.161743 1.196289
698.000000 -0.333605 3.000006 -0.164795 1.193237
699.000000 -0.333605 3.006103 -0.164795 1.196289
700.000000 -0.344726 3.018299 -0.164795 1.196289
701.000000 -0.344726 3.024396 -0.158691 1.196289
702.000000 -0.344726 3.030494 -0.161743 1.196289
703.000000 -0.344726 3.042689 -0.161743 1.202393
704.000000 -0.344726 3.048786 -0.161743 1.202393
705.000000 -0.355846 3.054884 -0.161743 1.205444
706.000000 -0.355846 3.060982 -0.164795 1.205444
707.000000 -0.355846 3.067079 -0.164795 1.208496
708.000000 -0.355846 3.079274 -0.164795 1.208496
709.000000 -0.355846 3.085372 -0.164795 1.208496
710.000000 -0.355846 3.091469 -0.164795 1.211548
711.000000 -0.355846 3.097567 -0.167847 1.214600
712.000000 -0.355846 3.109762 -0.164795 1.214600
713.000000 -0.366966 3.115860 -0.164795 1.217651
714.000000 -0.366966 3.140250 -0.170898 1.223755
715.000000 -0.366966 3.146348 -0.170898 1.223755
716.000000 -0.378086 3.152445 -0.173950 1.223755
717.000000 -0.378086 3.176835 -0.177002 1.226807
718.000000 -0.378086 3.182933 -0.170898 1.229858
719.000000 -0.378086 3.189031 -0.173950 1.229858
720.000000 -0.389206 3.195128 -0.173950 1.229858
721.000000 -0.389206 3.201226 -0.170898 1.232910
722.000000 -0.389206 3.207323 -0.173950 1.232910
723.000000 -0.389206 3.219518 -0.167847 1.239014
724.000000 -0.389206 3.225616 -0.173950 1.239014
725.000000 -0.389206 3.231714 -0.170898 1.245117
726.000000 -0.389206 3.237811 -0.177002 1.245117
727.000000 -0.400326 3.250006 -0.180054 1.248169
728.000000 -0.400326 3.262201 -0.177002 1.254272
729.000000 -0.400326 3.268299 -0.180054 1.254272
730.000000 -0.400326 3.274397 -0.177002 1.257324
731.000000 -0.411447 3.280494 -0.183105 1.257324
732.000000 -0.411447 3.292689 -0.177002 1.263428
733.000000 -0.411447 3.298787 -0.177002 1.263428
734.000000 -0.411447 3.310982 -0.183105 1.263428
735.000000 -0.411447 3.317080 -0.186157 1.260376
736.000000 -0.422567 3.323177 -0.186157 1.263428
737.000000 -0.422567 3.329275 -0.183105 1.266479
738.000000 -0.422567 3.335372 -0.186157 1.266479
739.000000 -0.422567 3.341470 -0.186157 1.266479
740.000000 -0.422567 3.347567 -0.183105 1.269531
741.000000 -0.422567 3.359763 -0.189209 1.266479
742.000000 -0.422567 3.365860 -0.186157 1.272583
743.000000 -0.433687 3.371958 -0.183105 1.269531
744.000000 -0.433687 3.384153 -0.195312 1.266479
745.000000 -0.433687 3.390250 -0.186157 1.269531
746.000000 -0.433687 3.396348 -0.192261 1.269531
747.000000 -0.433687 3.402446 -0.192261 1.269531
748.000000 -0.444807 3.408543 -0.183105 1.275635
749.000000 -0.444807 3.414641 -0.189209 1.272583
750.000000 -0.444807 3.420738 -0.183105 1.275635
751.000000 -0.444807 3.432933 -0.186157 1.275635
752.000000 -0.444807 3.439031 -0.186157 1.278687
753.000000 -0.444807 3.445129 -0.189209 1.275635
754.000000 -0.455927 3.451226 -0.186157 1.278687
755.000000 -0.455927 3.457324 -0.186157 1.281738
756.000000 -0.455927 3.463421 -0.186157 1.284790
757.000000 -0.455927 3.475616 -0.186157 1.287842
758.000000 -0.455927 3.481714 -0.183105 1.290894
759.000000 -0.467047 3.487812 -0.183105 1.296997
760.000000 -0.467047 3.493909 -0.186157 1.296997
761.000000 -0.467047 3.506104 -0.180054 1.300049
762.000000 -0.467047 3.518299 -0.186157 1.300049
763.000000 -0.467047 3.524397 -0.180054 1.306152
764.000000 -0.467047 3.536592 -0.180054 1.309204
765.000000 -0.467047 3.542690 -0.183105 1.309204
766.000000 -0.478168 3.548787 -0.177002 1.315308
767.000000 -0.478168 3.554885 -0.186157 1.315308
768.000000 -0.478168 3.560982 -0.177002 1.321411
769.000000 -0.478168 3.567080 -0.180054 1.318359
770.000000 -0.478168 3.579275 -0.183105 1.318359
771.000000 -0.489288 3.585373 -0.177002 1.324463
772.000000 -0.489288 3.591470 -0.183105 1.321411
773.000000 -0.489288 3.597568 -0.183105 1.324463
774.000000 -0.489288 3.603666 -0.186157 1.321411
775.000000 -0.489288 3.615861 -0.183105 1.324463
776.000000 -0.489288 3.621958 -0.189209 1.321411
777.000000 -0.500408 3.628056 -0.189209 1.324463
778.000000 -0.500408 3.634153 -0.186157 1.324463
779.000000 -0.500408 3.640251 -0.186157 1.327515
780.000000 -0.500408 3.652446 -0.186157 1.330566
781.000000 -0.500408 3.658544 -0.186157 1.333618
782.000000 -0.500408 3.670739 -0.189209 1.333618
783.000000 -0.500408 3.676836 -0.192261 1.333618
784.000000 -0.511528 3.682934 -0.186157 1.336670
785.000000 -0.511528 3.689032 -0.186157 1.339722
786.000000 -0.511528 3.695129 -0.192261 1.339722
787.000000 -0.511528 3.707324 -0.195312 1.339722
788.000000 -0.511528 3.713422 -0.192261 1.336670
789.000000 -0.522648 3.719519 -0.192261 1.339722
790.000000 -0.522648 3.725617 -0.195312 1.333618
791.000000 -0.522648 3.731715 -0.198364 1.333618
792.000000 -0.522648 3.743910 -0.198364 1.333618
793.000000 -0.522648 3.750007 -0.201416 1.333618
794.000000 -0.533769 3.756105 -0.198364 1.333618
795.000000 -0.533769 3.762202 -0.204468 1.330566
796.000000 -0.533769 3.768300 -0.195312 1.336670
797.000000 -0.533769 3.780495 -0.195312 1.339722
798.000000 -0.533769 3.786593 -0.195312 1.342773
799.000000 -0.533769 3.792690 -0.204468 1.342773
800.000000 -0.533769 3.804885 -0.198364 1.345825
801.000000 -0.544889 3.810983 -0.201416 1.345825
802.000000 -0.544889 3.817081 -0.195312 1.348877
803.000000 -0.544889 3.823178 -0.192261 1.351929
804.000000 -0.544889 3.835373 -0.198364 1.348877
805.000000 -0.544889 3.841471 -0.195312 1.351929
806.000000 -0.556009 3.847568 -0.195312 1.348877
807.000000 -0.556009 3.853666 -0.198364 1.348877
808.000000 -0.556009 3.865861 -0.192261 1.351929
809.000000 -0.556009 3.871959 -0.195312 1.348877
810.000000 -0.556009 3.878056 -0.189209 1.351929
811.000000 -0.567129 3.884154 -0.198364 1.348877
812.000000 -0.567129 3.890251 -0.186157 1.351929
813.000000 -0.567129 3.902447 -0.195312 1.351929
814.000000 -0.567129 3.908544 -0.192261 1.358032
815.000000 -0.567129 3.914642 -0.192261 1.358032
816.000000 -0.578249 3.920739 -0.195312 1.364136
817.000000 -0.578249 3.932934 -0.192261 1.367188
818.000000 -0.578249 3.939032 -0.195312 1.370239
819.000000 -0.578249 3.945130 -0.186157 1.376343
820.000000 -0.578249 3.951227 -0.195312 1.379395
821.000000 -0.578249 3.963422 -0.195312 1.379395
822.000000 -0.589369 3.969520 -0.195312 1.382446
823.000000 -0.589369 3.975617 -0.192261 1.385498
824.000000 -0.589369 3.981715 -0.195312 1.385498
825.000000 -0.589369 3.993910 -0.195312 1.385498
826.000000 -0.589369 4.000008 -0.198364 1.382446
827.000000 -0.600490 4.006105 -0.192261 1.388550
828.000000 -0.600490 4.012203 -0.198364 1.385498
829.000000 -0.600490 4.024398 -0.195312 1.388550
830.000000 -0.600490 4.030496 -0.201416 1.388550
831.000000 -0.600490 4.036593 -0.195312 1.391602
832.000000 -0.611610 4.042691 -0.198364 1.394653
833.000000 -0.611610 4.054886 -0.198364 1.397705
834.000000 -0.611610 4.060983 -0.204468 1.397705
835.000000 -0.611610 4.067081 -0.198364 1.403809
836.000000 -0.611610 4.073179 -0.204468 1.400757
837.000000 -0.611610 4.085374 -0.204468 1.403809
838.000000 -0.622730 4.091471 -0.207520 1.403809
839.000000 -0.622730 4.097569 -0.207520 1.406860
840.000000 -0.622730 4.109764 -0.204468 1.409912
841.000000 -0.622730 4.115862 -0.201416 1.412964
842.000000 -0.622730 4.128057 -0.201416 1.412964
843.000000 -0.622730 4.134154 -0.204468 1.412964
844.000000 -0.622730 4.140252 -0.204468 1.412964
845.000000 -0.622730 4.146349 -0.201416 1.416016
846.000000 -0.633850 4.158545 -0.201416 1.412964
847.000000 -0.633850 4.164642 -0.204468 1.416016
848.000000 -0.633850 4.170740 -0.204468 1.412964
849.000000 -0.633850 4.182935 -0.198364 1.416016
850.000000 -0.633850 4.189032 -0.204468 1.412964
851.000000 -0.644970 4.195130 -0.207520 1.412964
852.000000 -0.644970 4.201228 -0.201416 1.416016
853.000000 -0.644970 4.213423 -0.210571 1.412964
854.000000 -0.644970 4.219520 -0.207520 1.416016
855.000000 -0.644970 4.225618 -0.207520 1.416016
856.000000 -0.656091 4.237813 -0.204468 1.416016
857.000000 -0.656091 4.243911 -0.201416 1.419067
858.000000 -0.656091 4.250008 -0.204468 1.422119
859.000000 -0.656091 4.256106 -0.204468 1.422119
860.000000 -0.656091 4.268301 -0.198364 1.431274
861.000000 -0.656091 4.274399 -0.201416 1.431274
862.000000 -0.656091 4.286594 -0.198364 1.440430
863.000000 -0.667211 4.292691 -0.198364 1.440430
864.000000 -0.667211 4.298789 -0.198364 1.449585
865.000000 -0.667211 4.310984 -0.192261 1.452637
866.000000 -0.667211 4.317082 -0.195312 1.455688
867.000000 -0.667211 4.323179 -0.192261 1.458740
868.000000 -0.667211 4.335374 -0.195312 1.455688
869.000000 -0.678331 4.341472 -0.192261 1.458740
870.000000 -0.678331 4.347569 -0.192261 1.458740
871.000000 -0.678331 4.359765 -0.192261 1.458740
872.000000 -0.678331 4.365862 -0.195312 1.458740
873.000000 -0.678331 4.371960 -0.195312 1.461792
874.000000 -0.689451 4.384155 -0.195312 1.464844
875.000000 -0.689451 4.390252 -0.198364 1.461792
876.000000 -0.689451 4.396350 -0.189209 1.467896
877.000000 -0.689451 4.408545 -0.195312 1.467896
878.000000 -0.689451 4.414643 -0.201416 1.464844
879.000000 -0.700571 4.420740 -0.195312 1.467896
880.000000 -0.700571 4.432935 -0.198364 1.470947
881.000000 -0.700571 4.439033 -0.198364 1.470947
882.000000 -0.700571 4.451228 -0.204468 1.473999
883.000000 -0.700571 4.457326 -0.207520 1.473999
884.000000 -0.700571 4.463423 -0.207520 1.477051
885.000000 -0.711691 4.481716 -0.210571 1.477051
886.000000 -0.711691 4.487814 -0.213623 1.480103
887.000000 -0.711691 4.500009 -0.210571 1.480103
888.000000 -0.711691 4.506106 -0.216675 1.480103
889.000000 -0.711691 4.512204 -0.216675 1.480103
890.000000 -0.722812 4.524399 -0.213623 1.483154
891.000000 -0.722812 4.530497 -0.216675 1.477051
892.000000 -0.722812 4.548789 -0.216675 1.480103
893.000000 -0.722812 4.554887 -0.219727 1.480103
894.000000 -0.733932 4.560984 -0.213623 1.483154
895.000000 -0.733932 4.579277 -0.219727 1.486206
896.000000 -0.733932 4.585375 -0.216675 1.489258
897.000000 -0.733932 4.597570 -0.213623 1.495361
898.000000 -0.745052 4.621960 -0.210571 1.501465
899.000000 -0.745052 4.634155 -0.207520 1.504517
900.000000 -0.745052 4.640253 -0.204468 1.507568
901.000000 -0.745052 4.646350 -0.204468 1.507568
902.000000 -0.745052 4.658546 -0.198364 1.513672
903.000000 -0.756172 4.664643 -0.204468 1.510620
904.000000 -0.756172 4.676838 -0.201416 1.513672
905.000000 -0.756172 4.682936 -0.198364 1.516724
906.000000 -0.756172 4.689033 -0.198364 1.516724
907.000000 -0.756172 4.701229 -0.201416 1.516724
908.000000 -0.767292 4.707326 -0.195312 1.519775
909.000000 -0.767292 4.713424 -0.198364 1.519775
910.000000 -0.767292 4.731716 -0.198364 1.525879
911.000000 -0.767292 4.743912 -0.198364 1.525879
912.000000 -0.778413 4.750009 -0.204468 1.528931
913.000000 -0.778413 4.756107 -0.198364 1.531982
914.000000 -0.778413 4.768302 -0.204468 1.531982
915.000000 -0.778413 4.780497 -0.201416 1.535034
916.000000 -0.778413 4.786595 -0.204468 1.535034
917.000000 -0.778413 4.804887 -0.207520 1.538086
918.000000 -0.778413 4.810985 -0.210571 1.541138
919.000000 -0.789533 4.817082 -0.213623 1.541138
920.000000 -0.789533 4.835375 -0.213623 1.547241
921.000000 -0.789533 4.847570 -0.216675 1.547241
922.000000 -0.789533 4.853668 -0.210571 1.547241
923.000000 -0.800653 4.859765 -0.213623 1.547241
924.000000 -0.800653 4.871961 -0.213623 1.547241
925.000000 -0.800653 4.878058 -0.216675 1.550293
926.000000 -0.800653 4.890253 -0.210571 1.550293
927.000000 -0.800653 4.896351 -0.216675 1.550293
928.000000 -0.811773 4.902449 -0.219727 1.550293
929.000000 -0.811773 4.914644 -0.216675 1.553345
930.000000 -0.811773 4.920741 -0.216675 1.556396
931.000000 -0.811773 4.932936 -0.216675 1.556396
932.000000 -0.811773 4.951229 -0.207520 1.559448
933.000000 -0.811773 4.963424 -0.201416 1.565552
934.000000 -0.811773 4.969522 -0.201416 1.568604
935.000000 -0.811773 4.975619 -0.207520 1.565552
936.000000 -0.811773 4.987815 -0.204468 1.568604
937.000000 -0.822893 5.006107 -0.201416 1.571655
938.000000 -0.822893 5.012205 -0.201416 1.574707
939.000000 -0.822893 5.018302 -0.204468 1.574707
940.000000 -0.822893 5.030498 -0.198364 1.577759
941.000000 -0.834013 5.036595 -0.201416 1.580811
942.000000 -0.834013 5.048790 -0.201416 1.577759
943.000000 -0.834013 5.054888 -0.195312 1.580811
944.000000 -0.834013 5.067083 -0.201416 1.577759
945.000000 -0.834013 5.073181 -0.204468 1.577759
946.000000 -0.845134 5.079278 -0.198364 1.577759
947.000000 -0.845134 5.091473 -0.198364 1.580811
948.000000 -0.845134 5.097571 -0.207520 1.574707
949.000000 -0.845134 5.109766 -0.204468 1.577759
950.000000 -0.845134 5.115864 -0.192261 1.586914
951.000000 -0.845134 5.128059 -0.195312 1.586914
952.000000 -0.845134 5.134156 -0.201416 1.589966
953.000000 -0.845134 5.146351 -0.204468 1.593018
954.000000 -0.845134 5.152449 -0.204468 1.593018
955.000000 -0.845134 5.164644 -0.201416 1.596069
956.000000 -0.856254 5.170742 -0.204468 1.596069
957.000000 -0.856254 5.182937 -0.201416 1.599121
958.000000 -0.856254 5.189034 -0.204468 1.596069
959.000000 -0.856254 5.201230 -0.207520 1.599121
960.000000 -0.856254 5.207327 -0.204468 1.602173
961.000000 -0.867374 5.213425 -0.204468 1.602173
962.000000 -0.867374 5.225620 -0.204468 1.605225
963.000000 -0.867374 5.231717 -0.201416 1.608276
964.000000 -0.867374 5.243913 -0.201416 1.611328
965.000000 -0.867374 5.250010 -0.207520 1.611328
966.000000 -0.878494 5.262205 -0.198364 1.614380
967.000000 -0.878494 5.268303 -0.201416 1.614380
968.000000 -0.878494 5.280498 -0.207520 1.611328
969.000000 -0.878494 5.286596 -0.195312 1.620483
970.000000 -0.878494 5.310986 -0.192261 1.626587
971.000000 -0.878494 5.317083 -0.192261 1.629639
972.000000 -0.878494 5.323181 -0.195312 1.629639
973.000000 -0.878494 5.335376 -0.195312 1.629639
974.000000 -0.878494 5.341474 -0.198364 1.632690
975.000000 -0.889614 5.353669 -0.195312 1.632690
976.000000 -0.889614 5.359766 -0.192261 1.635742
977.000000 -0.889614 5.371962 -0.192261 1.635742
978.000000 -0.889614 5.378059 -0.192261 1.638794
979.000000 -0.889614 5.390254 -0.195312 1.635742
980.000000 -0.900734 5.396352 -0.195312 1.635742
981.000000 -0.900734 5.408547 -0.198364 1.632690
982.000000 -0.900734 5.414645 -0.192261 1.638794
983.000000 -0.900734 5.426840 -0.204468 1.635742
984.000000 -0.900734 5.432937 -0.195312 1.638794
985.000000 -0.911855 5.445132 -0.198364 1.641846
986.000000 -0.911855 5.451230 -0.198364 1.641846
987.000000 -0.911855 5.463425 -0.207520 1.641846
988.000000 -0.911855 5.469523 -0.204468 1.644897
989.000000 -0.911855 5.481718 -0.204468 1.647949
990.000000 -0.911855 5.493913 -0.204468 1.647949
991.000000 -0.911855 5.500011 -0.207520 1.651001
992.000000 -0.911855 5.512206 -0.207520 1.651001
993.000000 -0.911855 5.518303 -0.201416 1.657104
994.000000 -0.922975 5.530499 -0.207520 1.657104
995.000000 -0.922975 5.536596 -0.207520 1.657104
996.000000 -0.922975 5.548791 -0.207520 1.660156
997.000000 -0.922975 5.554889 -0.204468 1.663208
998.000000 -0.922975 5.567084 -0.207520 1.663208
999.000000 -0.934095 5.573182 -0.204468 1.660156
1000.000000 -0.934095 5.585377 -0.207520 1.660156
