0.000000 1.211921 1.215879 1.218618 1.219118 1.221979 1.225309
1.226215 1.222452 1.222512 1.224114 1.224359 1.220111 1.225139
1.223285 1.223614 1.227500 1.227023 1.224520 1.221895 1.220031
1.217805 1.217234 1.221252 1.215537 1.216491 1.216468 1.210931
1.219198 1.226779 1.219824 1.216454 1.215905 1.224204 1.222527
1.226414 1.214436 1.216921 1.214471 1.217947 1.216769 1.222870
1.222605 1.212969 1.220506 1.224755 1.227620 1.237671 1.252023
1.237938 1.263975 1.266683 1.277477 1.283249 1.287058 1.317643
1.352407 1.373791 1.397066 1.415699 1.403559 1.422374 1.437159
1.510094 1.549191 1.533068 1.543088 1.450857 1.443812 1.460031
1.435212 1.412134 1.381661 1.339048 1.286924 1.236780 1.262170
1.054767 1.033781 0.957840 0.904466 0.854895 0.781993 0.709724
0.463982 0.364830 0.264060 0.180605 0.130278 0.028255 -0.102325
-0.493804 -0.617095 -0.697966 -0.767054 -0.897296 -1.025943 -1.094744
-1.572767 -1.662386 -1.740409 -1.830524 -1.909433 -2.016202 -2.145572
-2.543916 -2.674320 -2.820719 -2.932370 -3.072330 -3.203164 -3.344600
-3.836456 -4.020748 -4.136197 -4.237798 -4.372679 -4.553619 -4.649522
-5.172021 -5.269397 -5.407050 -5.622909 -5.687973 -5.745742 -5.884393
-6.368249 -6.477054 -6.564270 -6.635192 -6.661077 -6.770367 -6.784328
-7.078907 -7.105365 -7.227357 -7.303878 -7.201574 -7.273365 -7.219930
-7.284587 -7.182926 -7.248570 -7.193902 -7.151588 -7.187238 -7.164110
-6.956365 -6.922843 -6.758786 -6.748045 -6.684516 -6.636000 -6.639309
-6.281245 -6.145176 -6.064187 -5.982413 -5.867164 -5.775681 -5.677590
-5.114347 -5.024745 -4.872248 -4.775216 -4.647916 -4.537442 -4.406765
-3.813149 -3.612435 -3.462035 -3.292952 -3.126295 -2.959670 -2.776876
-2.121396 -1.951514 -1.775864 -1.632550 -1.502542 -1.336039 -1.200315
-0.621962 -0.501988 -0.371714 -0.223047 -0.090989 0.016548 0.125948
0.588688 0.694425 0.835245 0.981771 1.106718 1.235626 1.347363
1.862850 1.997488 2.133009 2.234923 2.362339 2.503757 2.606158
3.017053 3.100967 3.170884 3.222938 3.298704 3.400812 3.452937
3.700823 3.768895 3.828626 3.868505 3.917747 4.008676 4.035790
4.276784 4.285023 4.343715 4.351246 4.344873 4.408116 4.439965
4.576143 4.587575 4.604826 4.624688 4.629474 4.666955 4.664750
4.710637 4.778469 4.775258 4.808848 4.814732 4.823596 4.803619
4.781673 4.822005 4.833801 4.817489 4.802590 4.796935 4.814714
