1.219776 1.222780 1.224360
1.219618 1.219975 1.217165
1.213098 1.208372 1.206360
1.209499 1.209613 1.214697
1.226113 1.228666 1.227438
1.218911 1.222247 1.219990
1.246054 1.237959 1.243927
1.331597 1.308328 1.337656
1.468368 1.501050 1.502000
1.404892 1.413507 1.419477
1.223314 1.176075 1.123206
0.651003 0.573930 0.514130
-0.187345 -0.286418 -0.363069
-1.223491 -1.341738 -1.458741
-2.227885 -2.339880 -2.435523
-3.463558 -3.585318 -3.667845
-4.775320 -4.901837 -5.015467
-6.023608 -6.078573 -6.229018
-6.881386 -6.966986 -7.031677
-7.340641 -7.250478 -7.289929
-7.131131 -7.054734 -7.002643
-6.581750 -6.470952 -6.416679
-5.601131 -5.477730 -5.315184
-4.252358 -4.114183 -3.958270
-2.606212 -2.435393 -2.278919
-1.071992 -0.917675 -0.771877
0.257811 0.372544 0.477583
1.496500 1.610053 1.747908
2.733170 2.834508 2.937904
3.523845 3.562395 3.642240
4.080132 4.170425 4.226526
4.484062 4.525217 4.561934
4.676933 4.694587 4.716623
4.780023 4.777378 4.775580
4.803027 4.790989 4.775970
