0.000000	0.000000	0.000000	0.000000
0.000000	0.016853	1.211921	0.000000
0.100195	0.016853	1.215879	0.000000	
0.199111	0.016465	1.218618	-0.000687	
0.299527	0.010413	1.219118	0.000000	
0.399159	0.010057	1.221979	0.000000	
0.499362	0.015580	1.225309	-0.000687	
0.600036	0.011287	1.219776	0.000000	
0.699482	0.013420	1.222780	-0.000687	
0.799079	0.009865	1.224360	0.000000	
0.899693	0.007749	1.226215	0.000000	
0.999621	0.008240	1.222452	0.000000	
1.099767	0.006433	1.222512	0.000000	
1.199972	0.015712	1.224114	0.000000	
1.300055	0.012860	1.224359	0.000000	
1.399937	0.013160	1.220111	0.000000	
1.499999	0.011031	1.225139	0.000000	
1.599905	0.013063	1.219618	-0.000687	
1.699543	0.015962	1.219975	0.000000	
1.800130	0.012872	1.217165	-0.000687	
1.900229	0.012401	1.223285	-0.000687	
1.999152	0.006243	1.223614	0.000000	
2.099355	0.018153	1.227500	-0.000687	
2.199712	0.017695	1.227023	0.000000	
2.299611	0.016268	1.224520	-0.000687	
2.399492	0.018179	1.221895	0.000000	
2.499574	0.012935	1.220031	0.000000	
2.599657	0.009121	1.213098	0.000000	
2.699710	0.010091	1.208372	0.000000	
2.799796	0.011113	1.206360	0.000000	
2.899827	0.013808	1.217805	0.000000	
2.999653	0.008815	1.217234	0.000000	
3.099854	0.014988	1.221252	0.000000	
3.199996	0.014230	1.215537	0.000000	
3.300198	0.009662	1.216491	0.000000	
3.400236	0.011879	1.216468	0.000000	
3.499362	0.009636	1.210931	0.000000	
3.599962	0.015898	1.209499	0.000000	
3.699537	0.009966	1.209613	0.000000	
3.800071	0.010268	1.214697	0.000000	
3.899739	0.018158	1.219198	0.000000	
4.000314	0.019336	1.226779	0.000000	
4.099192	0.014898	1.219824	-0.000687	
4.200306	0.011503	1.216454	-0.000687	
4.299307	0.014153	1.215905	0.000000	
4.399473	0.014211	1.224204	-0.000687	
4.500140	0.015960	1.222527	0.000000	
4.600144	0.013057	1.226113	-0.000687	
4.699402	0.010337	1.228666	0.000000	
4.799650	0.013291	1.227438	0.000000	
4.899950	0.016724	1.226414	0.000000	
4.999825	0.012520	1.214436	-0.000687	
5.099299	0.007872	1.216921	0.000000	
5.199988	0.012382	1.214471	0.000000	
5.299491	0.009083	1.217947	0.000000	
5.400280	0.007146	1.216769	0.000000	
5.499553	0.016229	1.222870	0.000000	
5.600148	0.012183	1.218911	0.000000	
5.699236	0.011400	1.222247	0.000000	
5.799602	0.015415	1.219990	0.000000	
5.899004	0.017828	1.222605	0.000000	
5.999835	0.018289	1.212969	-0.001375	
6.099411	0.008837	1.220506	0.000000	
6.199047	0.022357	1.224755	-0.000687	
6.299488	0.018001	1.227620	-0.004163	
6.399798	0.030983	1.237671	-0.009091	
6.499360	0.038718	1.252023	-0.008365	
6.599735	0.031785	1.246054	-0.006264	
6.699635	0.028241	1.237959	-0.061773	
6.800129	0.032553	1.243927	-0.141962	
6.900171	0.019756	1.237938	-0.370988	
6.999414	0.040976	1.263975	-0.457934	
7.099841	0.014032	1.266683	-0.523065	
7.199240	0.021504	1.277477	-0.576926	
7.299942	0.030303	1.283249	-0.663575	
7.399465	0.017081	1.287058	-0.703416	
7.500507	0.032413	1.317643	-0.762440	
7.599561	0.025049	1.331597	-0.792775	
7.699450	0.023446	1.308328	-0.834225	
7.799386	0.030288	1.337656	-0.856079	
7.899493	0.024791	1.352407	-0.882978	
7.999313	0.029647	1.373791	-0.900098	
8.100148	0.017535	1.397066	-0.919358	
8.199460	0.024287	1.415699	-0.939954	
8.300179	0.049677	1.403559	-0.963118	
8.399272	0.023563	1.422374	-0.966102	
8.499390	0.039270	1.437159	-0.980433	
8.599360	0.032757	1.468368	-0.993624	
8.700027	0.048941	1.501050	-0.998450	
8.799999	0.048819	1.502000	-1.002550	
8.900114	0.027267	1.510094	-1.012719	
8.999448	0.042284	1.549191	-1.012499	
9.098983	0.059398	1.533068	-1.033032	
9.200252	0.038095	1.543088	-1.032968	
9.299384	0.036578	1.450857	-1.049791	
9.400045	0.046279	1.443812	-1.048884	
9.500301	0.046221	1.460031	-1.069182	
9.599335	0.061142	1.404892	-1.070650	
9.699599	0.050873	1.413507	-1.071235	
9.799606	0.050693	1.419477	-1.080950	
9.899894	0.050357	1.435212	-1.092235	
9.999420	0.050124	1.412134	-1.085064	
10.100264	0.046483	1.381661	-1.083548	
10.200129	0.053452	1.339048	-1.090787	
10.299479	0.042125	1.286924	-1.094004	
10.400184	0.041283	1.236780	-1.094097	
10.500484	0.046458	1.262170	-1.111348	
10.599277	0.026219	1.223314	-1.105435	
10.699656	0.057970	1.176075	-1.104762	
10.800317	0.045768	1.123206	-1.092249	
10.900329	0.037234	1.054767	-1.099980	
11.000406	0.061496	1.033781	-1.089567	
11.100109	0.048136	0.957840	-1.081865	
11.200118	0.054518	0.904466	-1.070453	
11.300167	0.061619	0.854895	-1.083503	
11.399306	0.047786	0.781993	-1.066436	
11.499375	0.053764	0.709724	-1.055259	
11.599782	0.039620	0.651003	-1.056960	
11.699388	0.017625	0.573930	-1.042292	
11.799745	0.060864	0.514130	-1.029661	
11.900354	0.058660	0.463982	-1.009665	
11.999706	0.050706	0.364830	-0.996761	
12.100191	0.068558	0.264060	-0.975961	
12.199414	0.033160	0.180605	-0.969126	
12.299896	0.052365	0.130278	-0.956262	
12.400097	0.086678	0.028255	-0.935383	
12.500052	0.056258	-0.102325	-0.920418	
12.600232	0.058800	-0.187345	-0.914855	
12.700164	0.058063	-0.286418	-0.895624	
12.799711	0.018851	-0.363069	-0.878465	
12.899738	0.048263	-0.493804	-0.864616	
12.999829	0.038734	-0.617095	-0.842519	
13.099837	0.016524	-0.697966	-0.836645	
13.199843	0.021727	-0.767054	-0.821148	
13.299975	0.061987	-0.897296	-0.802058	
13.400215	0.072607	-1.025943	-0.770075	
13.499642	0.089807	-1.094744	-0.729298	
13.600205	0.082930	-1.223491	-0.682100	
13.699704	0.073883	-1.341738	-0.649337	
13.799932	0.051868	-1.458741	-0.604968	
13.899702	0.050897	-1.572767	-0.584942	
14.000154	0.054449	-1.662386	-0.546188	
14.099977	0.022473	-1.740409	-0.529872	
14.199194	0.007098	-1.830524	-0.537214	
14.299266	0.013092	-1.909433	-0.538110	
14.399991	0.005789	-2.016202	-0.534220	
14.500163	0.011302	-2.145572	-0.538593	
14.600001	0.013654	-2.227885	-0.536506	
14.700125	0.015786	-2.339880	-0.545081	
14.800400	0.012835	-2.435523	-0.550141	
14.900506	0.004563	-2.543916	-0.554162	
14.999708	0.011434	-2.674320	-0.559676	
15.099102	0.005438	-2.820719	-0.558925	
15.199508	0.005852	-2.932370	-0.573608	
15.300037	0.010162	-3.072330	-0.574505	
15.399617	0.011036	-3.203164	-0.589928	
15.499475	0.011938	-3.344600	-0.585726	
15.599589	0.014193	-3.463558	-0.601564	
15.699619	0.017337	-3.585318	-0.612162	
15.799497	0.010555	-3.667845	-0.627688	
15.900098	0.006574	-3.836456	-0.651837	
15.999286	0.031722	-4.020748	-0.669605	
16.099486	0.033727	-4.136197	-0.669995	
16.199933	0.029963	-4.237798	-0.700370	
16.299535	0.007088	-4.372679	-0.733533	
16.399596	0.013838	-4.553619	-0.766150	
16.499756	0.011991	-4.649522	-0.785629	
16.599806	0.004822	-4.775320	-0.814083	
16.699830	0.006058	-4.901837	-0.850371	
16.800103	0.003948	-5.015467	-0.897383	
16.900125	-0.004246	-5.172021	-0.919261	
16.999850	-0.005290	-5.269397	-0.967077	
17.100320	-0.005856	-5.407050	-0.978826	
17.199761	-0.004885	-5.622909	-1.019028	
17.300526	-0.002046	-5.687973	-1.044952	
17.400314	-0.020301	-5.745742	-1.084959	
17.500038	-0.006181	-5.884393	-1.085422	
17.599446	-0.032153	-6.023608	-1.110567	
17.700057	-0.034281	-6.078573	-1.121081	
17.799518	-0.024865	-6.229018	-1.148561	
17.900385	-0.008154	-6.368249	-1.163175	
17.999452	-0.032426	-6.477054	-1.193443	
18.099418	-0.020358	-6.564270	-1.201974	
18.200434	-0.028143	-6.635192	-1.231851	
18.300071	-0.034783	-6.661077	-1.245959	
18.399618	-0.021396	-6.770367	-1.259457	
18.499906	-0.033472	-6.784328	-1.259857	
18.599410	-0.032103	-6.881386	-1.267920	
18.700083	-0.038301	-6.966986	-1.274545	
18.800559	-0.025769	-7.031677	-1.275164	
18.899721	-0.045238	-7.078907	-1.283164	
18.999613	-0.044211	-7.105365	-1.294210	
19.099756	-0.034997	-7.227357	-1.283676	
19.199859	-0.029734	-7.303878	-1.278484	
19.299775	-0.037557	-7.201574	-1.274190	
19.399907	-0.039905	-7.273365	-1.273239	
19.499690	-0.051571	-7.219930	-1.260448	
19.599771	-0.034551	-7.340641	-1.249992	
19.700314	-0.039596	-7.250478	-1.235646	
19.799722	-0.007317	-7.289929	-1.219871	
19.899584	-0.043161	-7.284587	-1.224629	
19.999628	-0.054289	-7.182926	-1.211175	
20.099401	-0.039528	-7.248570	-1.191252	
20.200157	-0.033799	-7.193902	-1.170330	
20.300049	-0.042803	-7.151588	-1.144986	
20.399688	-0.034297	-7.187238	-1.120120	
20.499954	-0.029306	-7.164110	-1.109898	
20.600094	-0.051194	-7.131131	-1.081322	
20.700204	-0.036954	-7.054734	-1.052269	
20.800054	-0.067386	-7.002643	-1.024200	
20.900047	-0.037604	-6.956365	-1.000075	
20.999943	-0.035454	-6.922843	-0.968039	
21.099612	-0.030820	-6.758786	-0.951864	
21.200175	-0.014157	-6.748045	-0.917727	
21.299591	-0.034214	-6.684516	-0.908153	
21.400422	-0.033914	-6.636000	-0.879397	
21.500388	-0.030677	-6.639309	-0.851796	
21.599828	-0.038897	-6.581750	-0.813456	
21.700479	-0.026667	-6.470952	-0.781809	
21.800585	-0.012811	-6.416679	-0.759591	
21.900391	-0.008622	-6.281245	-0.734286	
21.999437	-0.024295	-6.145176	-0.712949	
22.099991	-0.045139	-6.064187	-0.664519	
22.199373	-0.015975	-5.982413	-0.651094	
22.299989	-0.016250	-5.867164	-0.643323	
22.400101	-0.006423	-5.775681	-0.595814	
22.500245	-0.012704	-5.677590	-0.590613	
22.599310	-0.013788	-5.601131	-0.556968	
22.699526	-0.005935	-5.477730	-0.530327	
22.799659	-0.002888	-5.315184	-0.518730	
22.899812	-0.010831	-5.114347	-0.502712	
23.000094	-0.009489	-5.024745	-0.477134	
23.100203	-0.005689	-4.872248	-0.460467	
23.199957	0.004464	-4.775216	-0.438185	
23.300628	0.004410	-4.647916	-0.428987	
23.400590	0.004273	-4.537442	-0.414679	
23.499635	-0.011877	-4.406765	-0.395107	
23.600365	-0.001585	-4.252358	-0.384222	
23.700460	0.004974	-4.114183	-0.381965	
23.800629	-0.006493	-3.958270	-0.366712	
23.900018	-0.002942	-3.813149	-0.360380	
24.000148	-0.033399	-3.612435	-0.352351	
24.100250	-0.023911	-3.462035	-0.349821	
24.200226	-0.016678	-3.292952	-0.335607	
24.299763	-0.010221	-3.126295	-0.341754	
24.399288	-0.005844	-2.959670	-0.351337	
24.499731	-0.011617	-2.776876	-0.345824	
24.600171	-0.022647	-2.606212	-0.344903	
24.700144	-0.007556	-2.435393	-0.350933	
24.800300	-0.005701	-2.278919	-0.342982	
24.900265	-0.004398	-2.121396	-0.351113	
25.000510	-0.026717	-1.951514	-0.349154	
25.099933	-0.043692	-1.775864	-0.341710	
25.200411	-0.038447	-1.632550	-0.350299	
25.299676	-0.054006	-1.502542	-0.329382	
25.400519	-0.072653	-1.336039	-0.322445	
25.499640	-0.060856	-1.200315	-0.310969	
25.600371	-0.057692	-1.071992	-0.311569	
25.699964	-0.059946	-0.917675	-0.322088	
25.799811	-0.063251	-0.771877	-0.304700	
25.899982	-0.057228	-0.621962	-0.309838	
26.000290	-0.037605	-0.501988	-0.317584	
26.099989	-0.048174	-0.371714	-0.299376	
26.199474	-0.043525	-0.223047	-0.317159	
26.300199	-0.044321	-0.090989	-0.314308	
26.400255	-0.038902	0.016548	-0.299342	
26.500527	-0.022411	0.125948	-0.313571	
26.600185	-0.006470	0.257811	-0.321069	
26.700325	0.007097	0.372544	-0.321717	
26.800420	0.005138	0.477583	-0.345813	
26.899704	0.010439	0.588688	-0.355436	
26.999834	0.016939	0.694425	-0.374642	
27.100135	0.020142	0.835245	-0.412266	
27.200472	-0.007551	0.981771	-0.411008	
27.300594	0.011808	1.106718	-0.435572	
27.400777	0.008407	1.235626	-0.469227	
27.500025	0.002123	1.347363	-0.491519	
27.600194	0.008517	1.496500	-0.512310	
27.700549	-0.001429	1.610053	-0.535655	
27.799907	-0.015800	1.747908	-0.557314	
27.899495	-0.043903	1.862850	-0.563812	
27.999933	-0.031739	1.997488	-0.593436	
28.100015	-0.021272	2.133009	-0.609079	
28.199956	-0.039040	2.234923	-0.603024	
28.299996	-0.028981	2.362339	-0.603273	
28.399638	-0.036419	2.503757	-0.606958	
28.500250	-0.035067	2.606158	-0.599982	
28.599610	-0.024669	2.733170	-0.606080	
28.700287	-0.033556	2.834508	-0.602088	
28.799608	-0.033905	2.937904	-0.590754	
28.899848	-0.017041	3.017053	-0.611052	
28.999936	-0.027083	3.100967	-0.598202	
29.099715	-0.031935	3.170884	-0.574277	
29.200325	-0.033521	3.222938	-0.563645	
29.299861	-0.022906	3.298704	-0.566448	
29.399600	-0.031037	3.400812	-0.547607	
29.500103	-0.030013	3.452937	-0.523330	
29.599746	-0.026204	3.523845	-0.523657	
29.699991	-0.030714	3.562395	-0.499990	
29.799891	-0.012503	3.642240	-0.491951	
29.899578	-0.000864	3.700823	-0.484975	
29.999720	0.020515	3.768895	-0.482240	
30.100673	0.018969	3.828626	-0.492175	
30.200005	0.025988	3.868505	-0.505132	
30.299741	0.042985	3.917747	-0.535702	
30.399839	0.029750	4.008676	-0.567529	
30.499687	0.032346	4.035790	-0.597631	
30.600310	0.042081	4.080132	-0.624802	
30.700502	0.025784	4.170425	-0.654568	
30.800101	0.024602	4.226526	-0.676616	
30.899627	0.037365	4.276784	-0.706888	
30.999990	0.015587	4.285023	-0.711792	
31.100038	0.008103	4.343715	-0.703013	
31.199927	-0.003970	4.351246	-0.684430	
31.300296	0.006297	4.344873	-0.655718	
31.399744	0.002717	4.408116	-0.631168	
31.500318	0.000128	4.439965	-0.591834	
31.600576	0.004330	4.484062	-0.566480	
31.700584	0.008768	4.525217	-0.513579	
31.800673	0.004243	4.561934	-0.482493	
31.899578	0.001820	4.576143	-0.464349	
31.999702	0.012748	4.587575	-0.413510	
32.099813	0.011348	4.604826	-0.405989	
32.199820	0.012604	4.624688	-0.409011	
32.299934	0.026422	4.629474	-0.419063	
32.400229	0.015176	4.666955	-0.435378	
32.500589	0.023970	4.664750	-0.462809	
32.599687	0.033706	4.676933	-0.490590	
32.699766	0.023531	4.694587	-0.529978	
32.800372	0.034527	4.716623	-0.557111	
32.900533	0.023280	4.710637	-0.579354	
33.000327	0.022401	4.778469	-0.603347	
33.099615	0.040535	4.775258	-0.644047	
33.199779	0.035307	4.808848	-0.643140	
33.299654	0.022390	4.814732	-0.631494	
33.399803	0.032741	4.823596	-0.630924	
33.499475	0.029327	4.803619	-0.614389	
33.600073	0.020853	4.780023	-0.586310	
33.699645	0.038572	4.777378	-0.562745	
33.800048	0.019242	4.775580	-0.539790	
33.899536	0.015374	4.781673	-0.520116	
34.000499	0.027368	4.822005	-0.511946	
34.100280	0.023016	4.833801	-0.500753	
34.200157	0.027616	4.817489	-0.491208	
34.300265	0.029043	4.802590	-0.505579	
34.400203	0.035685	4.796935	-0.521559	
34.500242	0.013598	4.814714	-0.543607	
34.600323	0.018100	4.803027	-0.560157	
34.699573	0.028521	4.790989	-0.582478	
34.800009	0.026174	4.775970	-0.590624	
34.899690	0.040587	4.744323	-0.620662	
35.000294	0.043067	4.716837	-0.639781	
35.099764	0.035193	4.697109	-0.665617	
35.199620	0.045356	4.673191	-0.683088	
35.300564	0.034632	4.677742	-0.696513	
35.400001	0.030617	4.646017	-0.706150	
35.500267	0.045102	4.604918	-0.735930	
35.600258	0.034789	4.613082	-0.741677	
35.700388	0.041741	4.555921	-0.761210	
35.800397	0.053449	4.524476	-0.757217	
35.899287	0.037527	4.528928	-0.768424	
35.999523	0.052228	4.453584	-0.775390	
36.100361	0.054085	4.399439	-0.782707	
36.200434	0.050436	4.412002	-0.775614	
36.300660	0.036754	4.404635	-0.776394	
36.400229	0.058871	4.343209	-0.777862	
36.500085	0.060092	4.290467	-0.764466	
36.599451	0.066559	4.256491	-0.748203	
36.699994	0.061249	4.215576	-0.730177	
36.800530	0.038748	4.137576	-0.726754	
36.899903	0.033839	4.063210	-0.728066	
37.000509	0.065933	3.993826	-0.708328	
37.099976	0.089794	3.946170	-0.680405	
37.200570	0.086661	3.841722	-0.633364	
37.300076	0.087786	3.803816	-0.585635	
37.399711	0.064874	3.749604	-0.537102	
37.499808	0.061429	3.686787	-0.507401	
37.599906	0.050241	3.623725	-0.471942	
37.700625	0.030484	3.594660	-0.456508	
37.800641	0.032701	3.560436	-0.441231	
37.900612	0.035705	3.481309	-0.433295	
38.000244	0.037172	3.446562	-0.428990	
38.100251	0.017230	3.389087	-0.424608	
38.200387	-0.002209	3.258711	-0.435400	
38.300621	0.011132	3.167602	-0.446724	
38.400206	0.020808	3.077319	-0.421746	
38.499770	0.017369	2.985570	-0.421566	
38.600149	0.011443	2.918432	-0.424744	
38.700572	0.019628	2.843530	-0.424876	
38.800214	0.017322	2.789189	-0.417627	
38.900036	0.011817	2.721090	-0.417212	
39.000131	0.020734	2.619949	-0.408940	
39.100410	0.015221	2.534544	-0.410071	
39.200369	0.015634	2.451845	-0.410758	
39.300101	0.020357	2.309017	-0.400994	
39.400272	0.005573	2.217073	-0.396572	
39.499862	0.004513	2.130673	-0.409919	
39.600375	0.016986	2.047856	-0.393891	
39.700150	0.000505	1.937029	-0.396577	
39.800384	0.001852	1.777118	-0.404620	
39.900527	0.013878	1.682823	-0.397035	
39.999501	0.015488	1.592846	-0.408632	
40.099735	0.022493	1.461400	-0.412809	
40.200865	0.009599	1.319394	-0.416597	
40.299889	0.024715	1.243410	-0.429335	
40.400069	0.019368	1.113383	-0.427897	
40.500277	0.030031	0.972687	-0.439206	
40.600224	0.021177	0.840969	-0.449648	
40.700363	0.003979	0.692839	-0.462449	
40.800047	0.019027	0.591650	-0.467338	
40.899549	0.015937	0.489543	-0.468454	
41.000196	0.013091	0.402138	-0.488441	
41.100101	0.014925	0.269865	-0.494290	
41.200149	0.015545	0.139819	-0.505990	
41.300154	0.009557	0.000935	-0.517533	
41.400180	0.013187	-0.117632	-0.530529	
41.499897	0.006865	-0.243198	-0.534434	
41.600317	0.003904	-0.391287	-0.547805	
41.699811	0.006325	-0.533431	-0.557443	
41.800405	0.008294	-0.675460	-0.571204	
41.899860	0.010329	-0.790342	-0.573734	
42.000448	0.002887	-0.918110	-0.599336	
42.100691	0.008985	-1.069156	-0.609700	
42.200738	0.023499	-1.226771	-0.622203	
42.300111	0.007354	-1.377768	-0.621852	
42.399941	0.020313	-1.538357	-0.639543	
42.500747	0.020108	-1.670014	-0.645899	
42.599880	0.030922	-1.838431	-0.666144	
42.699804	0.058240	-1.968202	-0.654406	
42.800258	0.060414	-2.092335	-0.649955	
42.899955	0.056289	-2.211251	-0.630330	
42.999761	0.062209	-2.345336	-0.622053	
43.099831	0.052969	-2.467992	-0.602052	
43.200723	0.040025	-2.585661	-0.601569	
43.299861	0.050960	-2.691063	-0.593619	
43.400115	0.025585	-2.807771	-0.589480	
43.500428	0.020655	-2.902347	-0.589129	
43.600312	0.008283	-3.021967	-0.594174	
43.700220	-0.001672	-3.147149	-0.609544	
43.800488	0.015210	-3.277122	-0.628312	
43.900486	0.005128	-3.440966	-0.639441	
44.000600	0.016129	-3.554764	-0.653436	
44.100824	0.006252	-3.651186	-0.679000	
44.200670	0.018061	-3.742689	-0.682748	
44.300115	0.007143	-3.916640	-0.693877	
44.400084	0.006909	-4.055872	-0.716808	
44.500203	0.026708	-4.174006	-0.711724	
44.599990	0.030802	-4.319631	-0.726172	
44.700069	0.012723	-4.471136	-0.740129	
44.800267	0.007867	-4.598715	-0.770854	
44.900296	0.015718	-4.721851	-0.782734	
45.000307	0.009423	-4.878159	-0.790036	
45.099933	0.010185	-5.015672	-0.805133	
45.200368	0.022134	-5.156930	-0.828478	
45.299804	0.038623	-5.295575	-0.839359	
45.400134	0.057023	-5.418173	-0.842820	
45.500098	0.047840	-5.566392	-0.831145	
45.600402	0.043493	-5.696261	-0.831452	
45.700520	0.060137	-5.781549	-0.820090	
45.800427	0.036513	-5.822607	-0.811227	
45.900546	0.049851	-5.914402	-0.815829	
46.000494	0.057898	-6.030529	-0.792041	
46.100584	0.026413	-6.119623	-0.774775	
46.200252	0.019774	-6.219747	-0.795887	
46.300523	0.006694	-6.344613	-0.797286	
46.399855	0.002717	-6.418602	-0.811369	
46.500779	0.011523	-6.481163	-0.820680	
46.599969	0.011942	-6.621225	-0.835568	
46.700321	0.003565	-6.662476	-0.854813	
46.799961	0.021482	-6.716228	-0.880893	
46.900087	-0.001536	-6.830911	-0.895703	
47.000873	0.008963	-6.932886	-0.912497	
47.100717	-0.019624	-6.998744	-0.923401	
47.200918	-0.005009	-7.173594	-0.942140	
47.299868	-0.001102	-7.180709	-0.936666	
47.400061	-0.014337	-7.243737	-0.958154	
47.500186	-0.020982	-7.394449	-0.967387	
47.600503	-0.010257	-7.376043	-0.993272	
47.700627	-0.015594	-7.404467	-1.002310	
47.799832	-0.024682	-7.496668	-1.017144	
47.899974	-0.018534	-7.528444	-1.028516	
48.000186	-0.022335	-7.549891	-1.044584	
48.100695	-0.033572	-7.653597	-1.044491	
48.200082	-0.021794	-7.695712	-1.057341	
48.300922	-0.019689	-7.827300	-1.059506	
48.400131	-0.025497	-7.873418	-1.063303	
48.500886	-0.018026	-7.892306	-1.060305	
48.600181	-0.038147	-7.938403	-1.070406	
48.700558	-0.020912	-7.990077	-1.068861	
48.800764	-0.032993	-7.999043	-1.073657	
48.900069	-0.048129	-7.945215	-1.071386	
49.000117	-0.025506	-7.973334	-1.061773	
49.100951	-0.032250	-7.989643	-1.072951	
49.200364	-0.020035	-7.983609	-1.064025	
49.300933	-0.029714	-8.003160	-1.062597	
49.400380	-0.030940	-7.992941	-1.058600	
49.500321	-0.038824	-8.049507	-1.059687	
49.600075	-0.032450	-7.971261	-1.057104	
49.700808	-0.010008	-7.914848	-1.042070	
49.800251	-0.004525	-7.919119	-1.039877	
49.900076	-0.034425	-7.921220	-1.036230	
50.000258	-0.034435	-7.940172	-1.023673	
50.100717	-0.033183	-7.949058	-1.009858	
50.199934	-0.016445	-7.949438	-0.995317	
50.300873	-0.033790	-7.949139	-0.993162	
50.400503	-0.039779	-7.900993	-0.971046	
50.500799	-0.007532	-7.858174	-0.958854	
50.600412	-0.039919	-7.886323	-0.951069	
50.700100	-0.042990	-7.704189	-0.926632	
50.800171	-0.029149	-7.611517	-0.915957	
50.900374	-0.041801	-7.532978	-0.883647	
51.000764	-0.036918	-7.537317	-0.852985	
51.100014	-0.056599	-7.521770	-0.820651	
51.200126	-0.056346	-7.472271	-0.782623	
51.299993	-0.060756	-7.417375	-0.736050	
51.400736	-0.040137	-7.416944	-0.707206	
51.500290	-0.060725	-7.343762	-0.662592	
51.600413	-0.028712	-7.210531	-0.608950	
51.700589	-0.030309	-7.145937	-0.599147	
51.800032	-0.025998	-7.110099	-0.556074	
51.900052	0.007346	-7.039774	-0.550380	
52.000248	0.017545	-6.962885	-0.558497	
52.100308	0.017088	-6.836728	-0.562504	
52.200202	0.003236	-6.704878	-0.540792	
52.300721	0.004304	-6.662474	-0.532983	
52.400159	0.004447	-6.579942	-0.537170	
52.500602	0.003498	-6.461625	-0.546583	
52.600566	0.003534	-6.385365	-0.538813	
52.700634	0.009282	-6.286262	-0.543883	
52.800964	0.002797	-6.216537	-0.539666	
52.900304	0.004147	-6.117550	-0.535981	
53.000138	0.015612	-6.002151	-0.556562	
53.100459	-0.024758	-5.891494	-0.534421	
53.200319	0.002816	-5.775867	-0.526807	
53.300316	0.009820	-5.671795	-0.547091	
53.400594	0.003849	-5.552094	-0.538258	
53.500494	0.018376	-5.431496	-0.566025	
53.600352	0.003818	-5.301505	-0.563417	
53.700061	-0.008103	-5.208065	-0.560043	
53.800696	-0.010280	-5.107894	-0.581405	
53.900022	-0.013170	-4.980680	-0.583623	
54.000051	-0.026872	-4.862501	-0.590355	
54.099771	-0.056304	-4.751580	-0.591861	
54.200464	-0.042242	-4.632552	-0.583432	
54.300068	-0.047348	-4.529593	-0.577339	
54.400764	-0.038387	-4.407856	-0.568691	
54.500749	-0.027441	-4.332404	-0.549031	
54.600756	-0.006953	-4.244023	-0.561417	
54.700769	0.006228	-4.109903	-0.565010	
54.800891	0.007694	-3.987174	-0.576398	
54.900816	0.017938	-3.882193	-0.597720	
55.000697	0.021629	-3.721545	-0.622698	
55.100574	0.015907	-3.607776	-0.641748	
55.200217	0.015206	-3.508132	-0.673303	
55.301058	0.012764	-3.432518	-0.691837	
55.399951	0.017624	-3.352419	-0.722625	
55.500171	0.012490	-3.284125	-0.741418	
55.600445	0.011963	-3.089715	-0.769082	
55.700601	0.008211	-2.958781	-0.795449	
55.800776	-0.011265	-2.856061	-0.803634	
55.900026	-0.024257	-2.784822	-0.806851	
56.000448	-0.020008	-2.768984	-0.805467	
56.100686	-0.014872	-2.698689	-0.787001	
56.199912	-0.017524	-2.640119	-0.776174	
56.300053	-0.011518	-2.599599	-0.776228	
56.400621	0.001462	-2.522034	-0.778265	
56.500766	0.014699	-2.410682	-0.787941	
56.600379	0.027927	-2.344662	-0.798266	
56.700756	0.030661	-2.240402	-0.818136	
56.800188	0.032702	-2.136767	-0.849236	
56.900058	0.041203	-2.092921	-0.878509	
57.000977	0.015304	-2.026142	-0.890974	
57.101022	0.026248	-1.914621	-0.916381	
57.200514	0.031609	-1.863494	-0.955252	
57.300123	0.022858	-1.768499	-0.966991	
57.400567	0.063863	-1.690681	-0.993943	
57.500893	0.048664	-1.596352	-1.033462	
57.599820	0.023111	-1.482521	-1.037601	
57.700355	0.009725	-1.430204	-1.035022	
57.800924	0.020420	-1.379874	-1.027023	
57.900431	0.021186	-1.363031	-0.991476	
58.000195	-0.010050	-1.343090	-0.952531	
58.100695	0.005885	-1.367598	-0.929849	
58.200124	0.004666	-1.310679	-0.906494	
58.300948	0.004332	-1.283153	-0.864059	
58.400913	0.027062	-1.221029	-0.846929	
58.499980	0.012878	-1.163897	-0.824973	
58.600565	0.009997	-1.109980	-0.802900	
58.700087	0.042074	-1.108904	-0.804329	
58.800313	0.032971	-1.079816	-0.799298	
58.901091	0.039266	-1.057542	-0.817832	
59.001114	0.039838	-1.041281	-0.826367	
59.100438	0.021970	-1.013010	-0.855640	
59.200875	0.028599	-0.965743	-0.863903	
59.300325	0.051403	-1.000304	-0.877328	
59.400283	0.036942	-0.968844	-0.903320	
59.500836	0.040686	-0.996551	-0.935005	
59.600854	0.057258	-0.953187	-0.941401	
59.700797	0.056503	-0.939948	-0.939159	
59.800970	0.063822	-0.965692	-0.916515	
59.900816	0.057175	-0.958162	-0.880384	
60.000800	0.030979	-0.949906	-0.825640	
60.100485	0.040156	-0.990759	-0.785073	
60.200875	0.041574	-1.014962	-0.742404	
60.300229	0.051591	-1.012608	-0.692472	
60.401116	0.047236	-0.982161	-0.659582	
60.501122	0.039861	-0.944791	-0.644109	
60.600334	0.047971	-0.956075	-0.628871	
60.700275	0.048343	-0.942871	-0.609352	
60.800339	0.035430	-0.999303	-0.594567	
60.900100	0.040103	-1.031278	-0.595606	
61.000717	0.024534	-1.064822	-0.596722	
61.100312	0.024862	-1.062069	-0.604751	
61.200294	0.036100	-1.123399	-0.632961	
61.300275	0.039587	-1.128143	-0.666475	
61.400544	0.038459	-1.164857	-0.678525	
61.500538	0.028943	-1.184600	-0.710781	
61.599990	0.031378	-1.202173	-0.735788	
61.700547	0.027376	-1.199384	-0.752338	
61.801067	0.043148	-1.240512	-0.766528	
61.900924	0.023242	-1.263595	-0.798370	
62.001227	0.026932	-1.288186	-0.818512	
62.100121	0.038470	-1.353687	-0.842754	
62.200243	0.018005	-1.382745	-0.865310	
62.300387	0.033757	-1.445172	-0.877087	
62.400378	0.042965	-1.509942	-0.900525	
62.500486	0.042119	-1.571261	-0.900798	
62.600584	0.037610	-1.586603	-0.903484	
62.700056	0.010480	-1.638777	-0.933341	
62.799773	0.028268	-1.685718	-0.939308	
62.901041	0.021858	-1.740981	-0.978725	
63.001044	0.024679	-1.794186	-0.981864	
63.100136	0.036558	-1.869415	-0.998687	
63.201068	0.027713	-1.936254	-1.025108	
63.301128	0.019254	-2.006204	-1.045368	
63.400597	0.018194	-2.052839	-1.053474	
63.500100	0.022284	-2.130734	-1.074616	
63.600363	0.013565	-2.229072	-1.104123	
63.700599	0.008823	-2.297123	-1.119415	
63.800759	0.017776	-2.351798	-1.145290	
63.900122	0.012858	-2.438193	-1.158091	
64.000458	0.008749	-2.518296	-1.190230	
64.101185	0.005519	-2.595512	-1.202992	
64.200979	0.017587	-2.675776	-1.225158	
64.300927	-0.000346	-2.818355	-1.244793	
64.400928	0.022581	-2.882094	-1.253806	
64.500055	0.025039	-2.956811	-1.240888	
64.600363	0.021442	-3.057657	-1.234571	
64.701073	0.034967	-3.155165	-1.208657	
64.800997	0.017640	-3.256022	-1.187281	
64.901098	0.046332	-3.302823	-1.144208	
65.001039	0.031934	-3.363441	-1.119551	
65.100618	0.027440	-3.442518	-1.088967	
65.200722	0.029077	-3.508419	-1.063741	
65.300609	0.028922	-3.562471	-1.042185	
65.400707	0.026357	-3.620996	-1.004571	
65.500659	0.035748	-3.648463	-0.975142	
65.600727	0.020180	-3.700657	-0.944105	
65.700562	0.032015	-3.788152	-0.897283	
65.801069	0.039437	-3.827374	-0.844314	
65.900775	0.043233	-3.850077	-0.803990	
66.000544	0.051164	-3.892488	-0.739478	
66.100726	0.051230	-3.944219	-0.674123	
66.200539	0.046067	-3.991545	-0.625926	
66.300596	0.053484	-4.028160	-0.555111	
66.400334	0.043074	-4.045883	-0.493426	
66.501238	0.050266	-4.056528	-0.418135	
66.601159	0.047758	-4.074895	-0.350070	
66.700673	0.060163	-4.071215	-0.280707	
66.800544	0.042786	-4.083098	-0.233432	
66.900728	0.051789	-4.113835	-0.164522	
67.000579	0.045816	-4.117599	-0.121761	
67.100765	0.029982	-4.102743	-0.087287	
67.200870	0.002695	-4.090573	-0.103149	
67.301213	0.004665	-4.093641	-0.105938	
67.399987	0.039406	-4.097003	-0.077274	
67.500668	0.002965	-4.105947	-0.039364	
67.600467	0.025012	-4.101562	-0.045057	
67.700592	0.013524	-4.105892	-0.030077	
67.800641	0.019133	-4.099275	-0.030764	
67.900058	0.020384	-4.100700	0.000000	
68.000624	0.022483	-4.100079	0.000000	
68.100794	0.015390	-4.106288	-0.000687	
68.200405	0.021270	-4.103906	0.000000	
68.300313	0.018847	-4.100559	-0.000687	
68.400819	0.010853	-4.098475	0.000000	
68.500498	0.014080	-4.100037	0.000000	
68.600258	0.011750	-4.104111	0.000000	
68.701121	0.013625	-4.111632	0.000000	
68.800711	0.014617	-4.111885	0.000000	
68.900120	0.018439	-4.107455	0.000000	
69.000735	0.013005	-4.104453	0.000000	
69.101028	0.012827	-4.107260	0.000000	
69.200693	0.012414	-4.108610	0.000000	
69.300372	0.014607	-4.094588	0.000000	
69.400475	0.012287	-4.093153	0.000000	
69.500596	0.015543	-4.089321	0.000000	
69.600635	0.019829	-4.089024	0.000000	
69.700607	0.019158	-4.093644	0.000000	
69.800622	0.019375	-4.099298	0.000000	
